֦ 838
 584
 649
 2
 307
 24
 24
 2
 1
 32
 7
 145
խ 25
 4271
 27
 19
 9
 112
 63
 19
 44
 314
 73
 2
 746
 26
 26
U 1
d 2
 355
 60
 989
 14
 205
 282
 4
 7
 436
 229
 107
ȴ 461
 2
 2
L 13
Ͱ 1
ʰ 47
 58
A 3
x 1
 25
 12
ƴ 1
 7
 5
ʳ 279
צ 17
 68
 4
 240
Ì 1
 17
ͽ 396
 48
 27
 433
 1
ժ 82
 22
 129
 21
 360
 171
 280
 49
 112
k 1
 21
 39
ެ 32
 466
 293
 69
ʆ 1
ȫ 254
 13
 658
 23
 67
ҡ 411
 136
 2
н 40
 16
 95
ۡ 17
 6
 46
 1322
 11
˭ 1514
 54
 45
 7
 245
 12
ɮ 681
 5
 46
 23
ǣ 121
 29
ޱ 45
Ȭ 4
 5
 37
Ţ 5
 1
 54
 163
 41
 1097
 195
 2
 294
˴ 65
 2
۰ 1
 13
Υ 153
 28
 1
ũ 79
 217
 204
 4
 12
 9
x 15
 10
 3
 122
 199
u 1
Ӿ 9
 261
 370
 28
 35
 7
ǡ 16
 119
r 2
 3
 491
 20
 2
 8
 2
ڷ 7
 78
 27
A 1
 526
 48
 4
 42
м 14
d 9
 5
 2
 2
 1
 117
ɻ 2
Ѻ 5
 7
 1
 233
 15
 18
 279
 13
 435
s 2
 1
 1149
 609
 11
 238
 20
 7
 13
 1
D 1
ü 184
 41
 14
 3
 75
 129
 12
 67
 33
 1
 9
޿ 7
 7
 270
 91
 23
 1
r 4
 13
 87
Ρ 19
 2
 108
 302
ÿ 224
 23
 21
ا 2
 33
Ъ 191
 49
 6
 3
˻ 104
 50
 79
 1809
 4
 61
 11
̥ 19
 62
 2
 553
 567
 348
 110
 1
 444
 10
 138
h 1
 5
 136
` 3
 37
 9
 47
 34
U 1
 1500
 37
 141
 1
̰ 56
С 639
 350
ݷ 3
 16
 236
 13
ͮ 24
 38
 27
 4
̿ 16
 144
 357
 2447
׾ 71
 11
 1
 30
 46
 76
 60
 4
 2
 7
 256
 737
 27
 2
 2
 15
 78
 40
 2
 235
 197
 370
 26
 6
 9
 3
 49
 80
 6
 177
 1926
ȵ 104
 111
 27
Ŕ 1
ϻ 93
 650
 8
S 6
ҵ 220
֢ 1
Ф 2
 630
] 4
̴ 23
 412
 2
 587
̬ 95
 98
ġ 2
ѽ 2
 1
 8
 3
 20
 1
 46
 59
̶ 246
շ 4
 98
 73
 2
Ǆ 2
f 5
 23
 112
 243
 25
J 1
i 2
\ 7
Ψ 632
 7
 3
 14
j 2
 99
 1
ʧ 260
 1
 483
 2
ޤ 16
 10
 166
 1
 1
 50
 8
 4
 2
 14
 61
 21
˿ 346
֫ 5
R 5
Ҳ 93
 1
 5
 169
 1
 2
 1939
 3
 11
 2
 74
 133
 1509
o 4
 507
 77
 134
 46
 24
 4
˶ 5
 1
 2
 63
 6
ϼ 515
X 1
 1
 1
 1
 2
 582
 5
 37
q 4
 28
 134
 83
 211
 123
 2
 63
 21
 1
 3
 325
b 1
Ӭ 15
 25
 51
ߢ 9
 207
 14
 14
 1493
 74
 270
 1645
 10
 41
 254
ݮ 58
 39
 40
ն 21
 1
 11
 10
 1
 13
 153
 43
 1
ռ 99
̷ 12
 173
 4
 20
 6
 5
 18
 4
 19
 1
 77
ڀ 1
פ 183
 1
Ȥ 146
 11
ش 31
ۮ 2
 96
 40
 5
 208
 57
 30
 39
 7
 218
 42
 7
 1
 2225
 246
 39
 5
 289
 339
 2
 763
 155
 3
 1
 3
љ 17
 74
β 65
 113
 22
 14
Э 6
 5
 93
 13
 38
 49
 85
 66
 396
 2
ʤ 435
 51
 1
Դ 185
 154
i 17
ݻ 12
 5
 49
 30
ӯ 205
̡ 3
 195
 77
 1
 2
 39
 33
ѩ 1629
 197
 1
ź 31
 162
 1
 106
Ŏ 2
΅ 5
 3
÷ 350
 7
 1
 46
ɽ 5613
 16
 39
 147
 18
 101
 72514
 14
Է 251
϶ 38
 121
Ũ 140
 31
 31
 17
 2
 10
 2
ں 4
 56
 1
 13
Ǣ 53
 1162
 35
 20
 28
 7
۫ 84
 1
Ō 4
 669
 32
 207
 1376
 16
 68
 150
 6
 2
 3
 3
 62
 678
 50
 16
 2
 207
 12
 1
Z 5
 4
 5
 55
h 1
K 4
 942
 41
 12
 1240
 156
ۺ 1
 23
 101
 3
 20
 1
Ѱ 761
u 1
 5
 12
ة 39
 18
 4
 641
 43
 64
 1204
 187
 617
 13
 1
 136
 591
 1
 5
 7
 3
 440
 7
 80
[ 7
 2
 5
 18
 17
 37
 50
֭ 1
 1
ܰ 47
 3
 87
״ 63
 8
 240
 5
 40
 3
 1
 1
 49
 8
 6389
 14
 805
 6
 14
 7
 2
ٱ 30
 1462
ի 314
 132
 10
 32
 6
 63
 8
 2
 2
 3343
 5
 2
 68
 3
 7
{ 1
 4
 471
 43
 8
 1
Ͽ 183
o 2
 79
Ǌ 3
Y 2
 463
 33
 22
ж 6
 227
 1033
 2170
 16
 382
 1
 786
 22
 33
 182
 5
 4
 16
` 1
 30
º 3
 5
ʹ 28
 3
 1
 18
ι 3
 71
ޣ 5
 7
 12
 160
 272
 7
 1
 31
 5
ԥ 56
 285
 6
Ⱦ 105
 90
 73
 33
 26
 11
 5
 4
 218
 619
 97
 58
 13
 95
 128
 17
 10
 48
 1
 2
 3
 2
 33
 248
 58
 310
i 1
 2
ͩ 156
Ե 319
 46
 344
Ƕ 9
 3
¾ 6
 5
 18
 57
 5
 128
 22
ږ 8
 16
 562
 116
ĺ 1216
 193
ƅ 1
 2
 12
 84
 271
k 1
 74
 13
 150
 2
ٷ 1
 9
 15
 2
 6
 24
 40
 285
 232
 5
 18
 358
 50
Ȼ 800
Ѭ 45
 1
 818
 1
v 4
 355
 199
 1
Ľ 41
 1277
 9
 38
 1275
 4
 485
 1
 1
 24
 18
ֹ 116
Ƴ 5
 2
 27
 13
 48
 7
 1
 19
 57
 8
 158
Ȟ 1
 9
ˉ 3
 22
 6
 2
 457
 229
 26
 79
 26
 3
 737
 54
 17
 3
 224
 5
 1
 1
Բ 229
 360
 206
 31
ǵ 21
 473
 3
 138
 253
 13
 1
 68
 14
 507
T 10
 2
 258
 61
b 1
Ѫ 81
׫ 2
 300
 484
 40
 19
 1
} 1
 1
 17
 13
l 2
 1
Z 3
 5
 515
 17
ƾ 196
ҷ 54
 23
 14
 23
ӭ 403
 77
 115
 1
 130
 33
 4
 2
 7
Y 6
 5
 79
ٲ 28
 13
 6
 8
 46
@ 1
 199
 1
 7
 119
ز 29
 8
 698
 84
 12
 17
 150
 24
 813
y 3
 14
 89
ר 41
 940
 4
 23
³ 100
 20
 2513
 2
 75
 3
 10
 859
 732
 11
 271
 2
 28
 80
ݪ 2
 402
 86
 8
Ҽ 1
֩ 3
 14
 9
έ 49
 157
D 3
 7
 85
̯ 1
 6
 8
 1
 6
 910
 5
 14
Ͻ 17
 402
 1
G 1
 239
ֳ 2
 916
K 1
j 1
 15
ȯ 2
 41
 29
 126
 12
 373
ک 23
 10
 46
 1011
 1
 25
 3
 16
 2
ɳ 767
 929
 20
 3
¿ 10
 3
 1
 6
 8
 15
 6
 8
 3
Զ 2458
 84
 3
 1
 4
 103
 3
 1
 1
 8
 1
n 4
 7
 18
 99
 2979
 124
լ 183
͡ 141
 9
 1
 305
 463
 456
 4
 2050
Ҵ 64
ӫ 24
 133
 36
ݼ 4
 30
 10
 77
 421
 164
 2287
 6
 427
 291
 1094
ֺ 14
 4
 328
 5
 164
F 1
G 9
 236
 898
ӡ 131
 291
 1
 41
ͨ 676
 313
W 9
 33
 16
 19
 13
 9
׸ 1
 39
 27
 2
 8
 57
г 37
 15
 4
 3
 37
 76
i 2
ɫ 1876
 98
 1
s 4
ϧ 436
 152
 21
 4
ѥ 1
 25
 1
ȸ 121
ϭ 25
 9
 79
ܽ 98
 2
 33
 10
 9
 1
 16
 10
ѫ 51
 5
 3
 3
 22
 9
 15
 60
¤ 175
 7
 861
ְ 60
 91
 1
 6
 6
 6
 46
Τ 27
 18
 1
U 1
 1
ߪ 29
 2
 603
 111
 382
 569
 3
͸ 56
 22
 171
 4
 15
Ϣ 313
 45
ͼ 187
ծ 17
 34
 40
 43
 29
 125
 20
 828
 14
 66
 178
 1
b 1
 1015
 56
 6
 86
 235
 36
 42
 267
 1
 1
 1
 2
ҩ 444
 11
 13
 7
 58
 72
 10
å 5
 11
 20
̳ 132
 41
 7
 220
 3
 11
 1
 8
 1
 17
 5
 22
 71
 12
 55
 15
 209
 20
 1
 3
 4
 48
 7
Կ 10
 16
 1
 14
 4
 19
 3
 1
 11
 2
 1447
 317
 2
 35
 8
 628
 46
 1
а 36
q 23
 49
 3
 217
 1
 4
 4
 595
 165
 8
 50
 5
׿ 22
 2
[ 1
 1
 40
 4
 435
 2
 5
 38
 5
 59
 309
 14
 5
 50
 1180
ӧ 92
 74
 10
 2512
 2
ִ 50
N 5
 196
v 2
 39
 1
 1
 8
 16
 4
 122
 42
 2
̨ 919
 19
 1
ӳ 474
Ǭ 69
 149
 227
 45
 16
 1
 107
 188
ˮ 3588
 2
 63
˾ 72
 9
 20
ƫ 394
 12
ƻ 3
 1
 1212
 1
 343
 13
 5
 1
 19
 21
 4
 17
 9
 39
J 1
 34
 121
 6
 4
 4
 19
 4
ɣ 231
 48
ò 83
 1
s 2
 14
 62
 23
 368
 65
 16
 11
 2
 482
 376
 1
 88
 66
 330
 18
w 2
 121
 58
 171
 65
 9
 119
ϣ 65
ϲ 394
 1307
 51
Ԭ 20
 7
 1
 25
¬ 48
 329
F 2
 7
 618
 1172
ı 93
 5
 15
 93
 1
 5
 279
ٺ 37
 243
 9
 152
 27
 56
 1953
 2507
 9
 20
 29
 5
 5
ؽ 1
o 1
\ 2
 303
 3
 4
 43
 1
֪ 2611
 1
 30
˥ 387
 2
 70
 45
 288
̸ 88
 40
 10
Ƥ 27
 3
 586
 275
 9
 3
Z 11
 452
η 139
 23
õ 3
@ 1
 5
q 1
̧ 9
 15
 210
 21
W 1
ƭ 1
 52
 314
 2
 9
 558
 8
 102
 42
 218
 12
ʴ 7
 362
 44
 16
 14
ۼ 1
 12
 19
 1
 32
i 2
 17
 5
Ž 14
 2188
 1
 46
Լ 89
 29
` 22
 22
 1022
 3
 2
 1
 5
 40
 271
 57
 59
޽ 13
 3
 53
Ɛ 1
 102
 6
 79
 48
X 2
 1
 35
 4
ɦ 28
ī 87
 1
 2
ǳ 286
 42
 8
 60
 6
 150
 170
 26
 159
 19
 23
˱ 1
 50
 20
ΰ 3
 2
ñ 50
 19
 395
 15
 1
 63
 473
ʭ 3
 124
 136
 5
 205
 35
 3
F 2
 168
 3
 4
 7
 26
 2
 60
 124
Ȣ 5
Ҫ 141
] 9
 18
 99
 155
ǲ 119
 10
˫ 607
 14
 61
 23
 51
 17
 172
X 1
 21
 9
Ѩ 83
 8
 113
 123
 40
 7
ѻ 85
۳ 3
 363
 3
 136
 4
 2
 130
N 3
 198
 18
 13
 129
 6
 13
 4
ö 16
 29
ӣ 25
 10
 10
 96
 7
 31
 12
ٿ 31
Ƭ 354
 263
P 1
 2
 558
 11
 38
 334
 23
 1
 3
 5
ۈ 3
 31
 169
թ 6
 2
 4
ӵ 174
 93
 167
 83
 49
 51
 124
 92
 56
 160
 7
 8
ν 100
 75
 116
 3
 15
 1
 6
 616
 2
 1212
 944
A 1
 38
 285
 6
 99
 785
ڹ 3
 5
˹ 112
 69
ƣ 59
 111
 23
 40
` 4
 52
 2
 42
 24
 1
 13
 3689
 5
 13
 158
 2
¦ 6
 240
ɪ 114
 2
 87
 1
 43
 1106
 7
 191
ս 269
 102
ػ 1
 7
 5
 7
 4
 26
 12
 1
ϸ 358
 5
I 16
 21
 1420
 119
Ҭ 4
ż 177
 3
ɲ 39
ů 365
 181
 2
Ь 14
x 3
 393
ۭ 6
 7
 3
u 2
 47
 2
ʻ 11
 1
 64
ģ 5
 17
 15
 1
Ұ 1101
 18
 75
 17
 5
 49
 2
 14

 72513
 16
ɾ 1
 21
ʩ 55
 26
 353
 152
ô 8
 1239
 338
 1
 2
 1000
 6
 33
ð 43
 103
 5
K 5
 391
 1
Ŧ 2
 1
 305
 10
 23
Ħ 22
 328
 154
 97
 35
 6
 91
 4
̺ 1
Գ 522
 15
 1
t 2
 9
 41
 224
m 3
 21
 8
r 32
 683
 6
д 125
 1886
 55
 33
 149
 8
 33
ʲ 11
 1
 288
v 4
 123
 279
 135
 20
 35
 3
Ŀ 277
 21
 2
 592
 213
 1
 9
q 1
 38
 591
 5
 223
 12
 484
ʣ 26
 7
 45
 4
 2
 8
 533
 1
 1
 1
Ϸ 110
 25
 226
 23
 46
 661
 33
 379
 122
 1
 21
 102
 51
б 495
 280
 3
 24
 138
 24
 404
 1
 24
 11
W 12
Ű 3
 1661
 2
 114
 2
۶ 8
 418
O 1
 200
Ϳ 39
 525
 440
 85
N 1
׼ 3
 4
 1
 116
 128
Ⱥ 460
Q 1
 12
 183
 38
 7
 21
 303
 47
μ 121
 182
 31
 2427
 2
 10
 6
 9
 38
 30
 1
 2
A 2
 16
 32
© 232
 14
 11
 12
 1
 332
 8
 58
 3
 358
 159
ַ 3
 153
 1
P 3
 23
S 5
 871
 1
Ԣ 25
 20
 196
 19
 5
 54
 60
 1
 214
 12
 2
 2
 12
 31
 2
 51
 746
 6
 214
 46
 2
 1232
 14
 1
 4
 133
 1000
 3
Ԥ 29
 5
 363
 78
 24
 674
 1
 2
 68
 458
n 1
 3
 181
 7
 13
 3
 5
 861
 83
 14
 191
a 1
ֱ 328
 308
 415
 25
 128
Į 143
О 2
 8
 1
 100
 12
 94
 199
 832
 3
 924
 177
 29
̹ 9
 2
߳ 4
 56
 35
 894
 1
p 1
 8
{ 1
 81
H 4
 19
 316
 7
 12
 123
̣ 30
 9
 81
 141
 7
޵ 70
 245
 11
ڪ 130
 1
 103
 55
 300
 22
O 1
 787
 25
 39
 1
 5
 1
 54
˽ 77
 20
 95
 2
 92
 6
m 1
Ƽ 82
 138
 57
 3
 46
 1
 83
 202
 1
 60
 275
ͣ 167
C 1
E 3
 19
ϥ 24
 1
 18
 17
Ѳ 82
 12
 8
 327
׺ 57
 1
Ʈ 387
 45
 200
 32
 36
 1
 1
 2
 17
D 3
 147
 1
 30
ʵ 109
 4
 196
 3
´ 7
 6
 7
 1046
ӻ 2
 510
 27
 20
 276
 204
 38
 16
 12
 156
 123
ܿ 38
Ů 383
 20
 5
 6
Ϥ 10
 10
 14
 202
 2
 40
_ 2
з 7
 8
 4
 24
 297
 1
 39
 4
 346
 3
· 2132
 143
½ 106
 326
 4
 1
 8
 1
B 1
 58
 582
 26
 1
I 3
 22
 5
 28
أ 27
~ 2
 19
A 1
 2
 16
 1
 6
I 1
ԡ 48
 2
 809
 8
c 1
 99
 14
߸ 1
 2
 16
u 1
 58
 24
 15
 70
ޯ 13
 1
 7
տ 49
ȱ 50
 308
 141
 227
 3
 144
 211
 6
 145
 91
 1
 32
f 12
 18
ʿ 333
 34
m 7
` 1
 7
 1059
 25
 199
 2
 2
 3
 2
 42
¢ 23
 79
 24
 51
 111
 375
 71
 40
 237
 1
 377
 10
 4
 249
 103
 107
 6
ڵ 4
 983
 4
 2
 1
 9
 43
 16
 19
L 5
 9
 26
 20
 195
@ 1
 6
 9
 1
ݶ 42
޶ 1
 9
 63
 169
 11
J 2
 274
 60
 1
 74
 111
 19
 19
 35
 1
 1
 18
z 7
ξ 64
ݬ 2
 1254
 3
 18
 121
 44
 623
 32
˵ 323
 4
 348
 3
 16
 3
Ы 1
F 1
 5
 24
 21
 13
 228
 12
 15
 23
 2
 4
ѹ 72
 11
 47
 1
 16
 5
 1075
h 1
 17
 86
 51
 1
 4
 1288
 28
X 5
 39
֣ 35
 32
 5
 2
 298
f 1
 28
 2
 655
 3036
 1
 13
 75
 22
 4
 17
@ 9
 491
 2
 53
 1087
 154
 2
^ 1
 33
 418
J 2
p 1
 1
 25
 872
 3
͵ 50
 1
 4
 40
U 6
ײ 4
ܩ 13
گ 119
 5
 171
 4
O 1
 59
o 15
 9
 37
 13
 4
 8
 22
 2
 38
 1436
 6
 3268
 1
 23
 96
ί 99
ת 542
 175
ٻ 11
 24
 23
 1
 66
 69
 75
 4
 80
 14
 184
٢ 3
J 16
 117
 559
 34
Ĳ 8
 662
 1
 255
 16
ȭ 20
 790
 2
 3
K 1
 258
 12
 2
 1
 15
 109
 29
 2
 29
 10
V 4
 1
; 206
ͯ 177
 95
 127
 2
 267
 56
 33
 26
 52
 1
 85
 15
 4
 10
 155
 4
 10
޹ 66
 2
 61
 93
 1
 36
 216
d 3
} 14
 11
 4
ӿ 26
y 1
 2517
յ 23
 1
 2
 18
˲ 7
 1
Q 2
 1
 252
 81
Ω 279
 20
 5
 7
 12
 185
 13
 6
 2
ѷ 6
 543
 6
 50
ۨ 1
է 149
 10
ɧ 76
٫ 1
 4
 2
 25
 81
 1819
 479
 274
߶ 33
 5
 4
 14
e 3
 71
 2
 821
 10
 85
 18
Ӹ 1
 31
Ǩ 141
I 3
B 2
I 12
ֻ 481
 64
 1832
 9
ܣ 1
 336
 1
 123
 1
 29
 66
 8
 36
 672
 17
 40
 5
 268
 2436
 15
 32
 200
 1
 1
 11
 1
 6
 328
 774
 129
ձ 14
 123
 3
ʥ 420
| 1
ȶ 1
 3
 134
 349
 11
 114
Ԯ 27
Ų 1
 58
 1244
 13
v 3
 101
 16
ѵ 22
ѭ 33
 27
 120
 90
 144
 4
 121
 579
 10
 39
 1
ĩ 97
 108
 2
 2
Ӧ 1742
Ȯ 106
 11
 1
 3
t 1
 827
m 1
 27
 35
 20
ݒ 5
 34
 944
 43
 9
` 1
ԩ 38
 157
 27
 139
 1355
 8
 1
 4
 12
 15
G 2
 256
ި 19
 12
 27
 331
ζ 123
 1
 52
 54
 1
 267
 1
 62
 7
 2
 10
 254
 1
 1344
 3
 2
 51
 62
ѱ 22
 6
 47
 10
 6
n 1
 20
 8
 6
 11
 8
 13
 1401
 12
 151
] 1
 1
 10
 48
 17
 72532
 349
 10
 2
 2
 57
 1092
 62
 32
 14
˪ 917
 118
 3
 3
 117
 71
 64
 2
 31
 198
 59
 1596
 1
 3
 311
 74
Ʃ 3
 38
 14
Щ 7
 111
 333
 5
 115
ĸ 68
 155
 168
̾ 288
 760
 28
 66
 243
߁ 10
 10
 44
 7
 165
ţ 188
 1
 8
 43
 6
 43
 3
 51
 173
 118
~ 1
 61
ٳ 6
 15
ڽ 11
 4
 29
 7
 162
Ϭ 23
 46
 3
ɯ 68
 6
 27
 1
 3
 2
 104
 15
 2
ǰ 1487
 46
 9
 87
ϯ 259
 3
 1204
 1
֬ 15
 7
 76
 1
 32
 6
 7
 5
 150
 78
C 4
 41
 259
޺ 118
 2
 37
 8
 20
 4
ˡ 3
v 1
 26
 1269
 18
 3
e 3
 3
 4
 167
 1
Ԫ 187
 1
 1
Ӷ 2
 60
 3
 1
 2
é 172
 156
 67
 1
 3
 2
ֽ 35
 6
 16
 1432
 41
Ϧ 899
d 1
 1
 7
S 1
л 414
 676
 3
 30
 1
 1
 80
 4
 1
 68
ө 111
 1
 1
 1
 5
 3
 899
ƥ 58
 1
 4
 8
 1
ε 5
 3
 1
 1
ѿ 31
 7
 44
 124
 719
 2
 60
 1
L 2
 32
 100
 145
 1
 3
 1
 1
 49
ׯ 55
 12
 43
 1
 365
 9
 4
ͧ 40
 3
 120
 18
} 1
 62
Ժ 196
 5
 9
 5
 2
 234
 35
 1
d 1
 1
 156
 1
¨ 1
 1218
 6
 212
 2
 98
 10
 54
 97
 234
v 9
 5
 2
 100
 1
 10
 8
Ķ 48
 8
 5
 50
 2
 22
 11
 538
 5
 3
 1
 1043
 842
 180
 1
 1
L 1
 1084
X 1
ޡ 12
 4
 12
 3
 1
 8
й 10
Ļ 167
 8
ٵ 1
 5
 5
¥ 1076
 404
 84
 327
 28
դ 8
 54
Ʒ 28
b 8
 5
 7
 2
 2
˯ 117
 23
 32
 13
 103
 1
 1
 1822
 1
 361
 26
 2
 196
 10
 1
 7
 8
ֵ 136
 92
 14
Ӣ 181
 502
 1317
 10
޼ 30
 1
B 1
 19
 4
 5
 2
 28
 5
 4
 2
ͭ 130
v 1
 17
 2
׶ 2
 179
 37
 80
_ 1
 16
 28
 1
خ 6
 2
 2
Ƣ 1
 2135
 5
 325
޲ 4
 2
 1
 5
X 11
 3
Ȱ 96
 111
 3
 6
 61
 26
ú 4
 2
 4
 1047
 205
 317
 12
 21
΢ 933
c 3
 4
ݱ 2
 2
 8
 119
 8
 1
 590
 42
 427
 30
 45
 157
 8
 11
a 1
 491
 10
 22
 174
 6
 5
 5
 1
 9
 7
 3
 16
 46
γ 8
 28
 32
 1
ɱ 103
 12
 3
 42
 2
 76
 18
 168
 1
 7
 104
 1
 32
ɥ 36
 1
 70
 93
 7
 14
 11
y 1
 7
 1
 14
 900
Ƿ 23
 3
 329
 63
 11
 27
 140
 17
֧ 107
 9
 3
 2
 6
 10
 103
Ϊ 2302
 8
 4
 6
 27
 4
 45
 16
ܯ 65
 3
 1
 6
 81
 6
 36
q 1
џ 4
ʊ 3
 6
 1
N 6
 7
ʫ 1014
 11
 32
λ 92
 17
 241
 39
 6
 1
 20
 44
 2
 2
Ϻ 10
 1
 16
׹ 90
 5
 22
ƿ 98
 61
 105
I 5
 8
 1
A 2
o 15
ɩ 4
 52
 21
ޥ 102
 104
 1506
i 2
 3
 4
ȡ 230
ղ 3
 111
 18
 2
 2637
 3
 826
V 2
 84
 1
 91
 9
 403
 90
ק 3
 1
z 1
 7
 6
 4800
 3
 271
 18
 2
 15
Ӻ 31
 3
 35
ɷ 1
_ 2
 1
 1
 45
 1
 74
 6
 4
Ƶ 376
 2
 1
 89
 6
Т 39
 203
 1
 72
 1
 1
 2
 1
 2
 8
 2
 5
 5
 8
 53
 1
 46
 2
 71
 203
ԯ 34
ͤ 516
ң 873
 8
 265
 364
 1
 17
ħ 19
 2
 16
ǧ 1629
ب 5
 16
 5
 1
 7
ʶ 460
 2
 62
 84
 82
 2
 187
 1
 1
 4
 9
ά 58
 455
 1
 12
 8
 1
װ 81
 26
 1325
ĭ 24
 45
 14
 26
q 1
Ϯ 25
 1
Ө 16
 120
 11
 4
 31
 1
 543
 9
 1
 3680
 31
 1
 12
 11
 59
 63
 69
 12
 2
 67
 1
 170
 789
 53
 1
 98
 281
 4
 12
˼ 1802
g 2
 5
 1
ݺ 301
 1
 176
r 1
K 1
Ѯ 52
 1056
 9
 1
 420
 1
 1
 1
 1
 5
 378
 4
Σ 253
 52
 12
ޢ 1
 117
 208
 384
 29
 1
 5
 5
ذ 5
 4220
 96
 58
_ 1
 90
 1514
 4
 8
N 2
 4
 1
 2
 641
 4
 11
 6
 15
 77
 20
 1
Ȩ 24
Ӥ 25
 16
 16
 4
 99
 1
 21
԰ 615
 3
 27
 1
 104
 14
 61
 14
݃ 5
 341
 33
 5
 6
 42
 6
 1676
 1649
 67
 39
 33
 13
 95
 15
 9
Ǳ 152
 7
 4
 1736
 1
 32
a 8
 46
 5
 13
 340
 71
 3
 1
Y 1
 101
 29
 30
 257
 23
 71
P 1
 8
 2
 385
 57
 1
 20
ϙ 1
֯ 87
 2
պ 5
 442
 3
 12
 72
 46
 737
Y 2
 131
ƶ 404
ɼ 75
 12
 7
 29
 238
ګ 1
 75
 6
 1
 37
 4966
z 1
Я 267
ϰ 86
 122
_ 6
­ 2
 5
 3
ʱ 3126
 2
 4
 26
 547
 207
 14
 26
 33
b 1
 11
 1490
 2
 1
 12
 358
 1
 2
 1
 8
 30
 2
V 1
 1
E 2
 105
 19
 2
 22
G 1
 25
Ǵ 4
 196
 468
Ə 2
 5
 1
̵ 2
 10
ݰ 4
 980
 1404
 1
 311
 2
 33
ԭ 257
Թ 231
ĵ 25
 12
 7
 121
ס 412
 1
 83
 138
 80
 49
˷ 127
 19
 2
 89
 8
 6
 1
־ 183
 143
X 1
¹ 143
 13
 3
ާ 21
Ҷ 1378
 10
 60
 2
ߧ 3
 2
Ը 423
 5
Ч 41
 3
 137
 35
 3
ջ 50
k 1
 129
 1373
X 1
 12
 1205
 84
 53
ɬ 63
 3
 2
Ċ 2
 15
H 4
̭ 2
 9
 98
 20
 146
 103
 41
 261
̻ 2
 1
 3
 196
̫ 361
 3
 186
 544
 7
 1
 11
 25
 11
ͥ 809
 1
 30
 27
S 1
 326
 3
 1
 62
 130
 1
 5
 2
 1
 59
T 6
 1
 6
 2
κ 75
 57
 2
 299
 201
 18
 64
ʢ 203
۷ 1
 117
 169
 1408
 27
 25
 6
ұ 22
ש 3
 25
 1
 4
L 28
 1
 79
 1
 49
 2
 285
_ 2
į 212
 8
 23
 271
 156
Y 1
 204
 835
 282
j 3
 12
 195
 62
 47
 77
 2
 15
 80
 10
 52
 29
 2
 133
 368
 29
 2
 67
 24
 48
ʡ 175
 696
 342
 20
 2
 1
 7
 26
 91
 3
x 15
 5
U 2
 5
a 9
 8
 16
 50
߫ 1
 6
ͺ 2
 17
 2
 28
 2
 22
¶ 1026
 68
 73
 5
ļ 1
 1
 47
 158
 5768
 3
 2
 30
Ͳ 13
 1
 2
M 2
 2
 4
 1
G 7
 129
٪ 2
 7
 4
 158
 27
 11
 3
 3
ֶ 9
 12
 2
Ц 422
׬ 1
 6
 1
 113
 4
 1
ʾ 39
 26
Р 3
G 5
 1214
 44
 4
 1
 8
 69
ۧ 10
 1
 124
 33
 1
 1
 8
 1719
o 26
 30
ĥ 55
ݳ 1
 321
 129
 1
 34
 32
m 6
 293
 478
| 5
 32
 2
 5
 44
 219
 243
 15
 81
 21
 19
 1
 2
 10
 2
ߓ 2
 116
 47
 6
 6
 4
 1630
N 2
 15
 27
 2
 536
 9
 9
 2
ߵ 21
 123
 13
 88
ӽ 196
Ԧ 49
 21
Y 1
 1
 365
 20
Ϫ 816
 65
 117
 741
 4
ͻ 23
 2
 51
 1
 1
 30
 4
 1
 81
ԫ 57
 106
 41
 1
 422
 4
 3
 26
 17
ϡ 517
 7
 533
 21
 2
 13
 554
 80
 241
 25
 88
 31
 9
 979
 8
 115
 2
 147
 1
 2
 4
 7
D 3
 29
 3
ʪ 312
 8
 727
 3
 5
z 6
 44
T 1
® 176
Q 2
Ǯ 145
 14
ϴ 143
 1
 8
 7
p 2
Ѽ 17
 9
 10
ǽ 134
 441
 9
 1378
 12
 16
 97
 253
 1514
 12
 484
 75
Ŋ 1
 9
d 1
 4
 10
 15
 3
ɴ 85
 9
ń 1
 2
 3
 3
 1
 20
 25
 6
 1
ľ 733
 175
k 1
 9
W 12
 100
 2
 1
 2
 8
α 3
 65
 105
 532
 4
 11
 2
 1
 3
 50
 25
 1
 37
 92
 1
 2
 1
 2
 6
Ю 18
 1766
 5
 1
 29
 16
 1
 2
 1
ٯ 9
 39
[ 5
Ī 1012
 57
 7
 8
\ 14
 34
 197
 187
F 2
 2
 6
 407
 49
 24
 44
 3
 58
ʯ 1422
 6
˰ 30
 117
 442
ް 4
\ 7
 36
ɉ 1
 6
 112
 1
 62
ү 1
 83
 110
 168
 2
Ǹ 3
 105
 19
 1
 5
 3
 44
 2
 1
 4
 79
 1
 43
 1
 288
 535
 7
 1
 1
 236
ή 13
 464
 445
۩ 1
D 2
 16
 6
 44
 9
 2
 112
 42
 1
 17
f 9
 91
 503
 5
 64
Ɍ 1
ӹ 14
 288
 27
} 1
נ 1
 6
 12
 2
 200
 83
 7
 26
 3
 12
 713
c 1
 2
 84
 1025
 2
 319
 17
ʮ 563
 6
h 1
 105
 2633
 4
 10
 1
 117
 3
 72
 3
k 1
 1
 249
 2
{ 2
 4
ɭ 71
G 2
 1
 85
 27
Ԩ 13
۵ 1
 265
 288
 23
 531
 40
 225
 3
 1406
 9
 5
 351
 1
» 86
 1
 1
 22
 19
 104
ʸ 3
 27
 81
 21
 1
ƽ 964
 20
 546
 71
 49
 1
 20
 20
Ԉ 1
 7
 5
 3
Ѧ 9
Һ 50
 43
 156
 1
 1
ބ 4
 16
 12
 1
 8
 76
 357
 6
 40
 16
 15
 160
 158
 97
 74
 577
 52
 59
 123
 171
I 3
 6
 2
 35
 7
N 1
 1626
 1
 1
 23
U 4
 7
 56
ǫ 5
 1
Y 2
 1
 6
ç 22
s 9
 710
 71
 224
 600
 1603
K 1
 265
 2
 8
 5
Ͼ 105
ǭ 19
 32
 19
 19
 136
 9
 1
 153
 3
 316
 1
 251
 3
 1
T 1
 11
 4
 10
 25
F 7
 83
һ 3690
ޭ 4
 1
 1
] 1
 788
ʼ 398
 13
 125
 18
 24
 57
 362
 4
 4
 3
 12
 5
[ 1
 14
 2
 32
 70
 571
 32
 24
 2
 17
ٶ 1
 83
 10
 122
 1
 1
޴ 6
 24
 1
 1
 1
 146
 637
 2
 9
 4
 2
 1
 1
 41
 2
 2
f 5
 6
 5
 51
 26
 4
I 1
 1
 142
 19
_ 3
 3
O 1
ҭ 2
 154
 28
« 80
 17
 202
س 1
 94
 1
 3
 44
 3
 3
Ŷ 2
 2
 8
 721
 2
 46
 1
 1
 8
 5
 32
 3
 12
 3
 3
 19
 4
 444
ɸ 4
ҫ 62
 23
 55
Ǐ 6
 26
 133
 5
 2
 2
ϫ 1
 871
 2
 22
 20
 11
 1
G 75
 5
Ү 20
ʹ 502
 1
£ 2
Ͷ 194
 56
İ 207
 1
 187
ʨ 2
 1
 2
 7
 59
 1
 1
 3
Ѹ 5
 4
F 1
 5
 114
 37
e 1
 63
 11
 2
 1
 82
 3
 3
 6
 3
 10
 30
ҽ 33
ܱ 55
 29
 4
 23
[ 1
 1
 27
 91
 14
 1
 23
 3228
 5
 2
 8
 8
Ÿ 157
 26
˸ 5
ѣ 2
 40
 21
 2
 18
 5
 5
 286
 2
 723
 14
 1
Ƚ 45
 1
 19
 1
 982
 2
 153
 15
 6
 10
ͳ 4
 1
 58
 16
 465
 5
 49
 3
ٹ 14
 1
ڭ 1
 49
 7
 1
 1
 6
 1
s 11
 4
 7
L 1
 17
 38
 12
 1
 1
 4
 193
 8
 12
¯ 175
 1
b 1
y 1
 2
 15
 20
 41
 32
ܦ 30
 47
 2
 3
 30
 2
â 32
 1
 140
 26
X 4
 3
 6
 12
ت 1
 387
 256
 2
 181
 108
s 1
Ѷ 9
¸ 1
ѕ 3
 38
 1
 49
 570
 9
 1
 90
 5
 1499
R 1
 144
 5
ȼ 20
 6
 23
 10
Ƃ 1
 10
 7
 6
 40
 5
 3
 69
 77
 5
 73
 1
Ѡ 3
ª 27
f 2
̤ 89
ˢ 15
u 1
 3
 324
 5
 5
 1
 1
 67
 338
 43
 6
 18
 15
 9
٭ 4
ף 29
 14
Ծ 75
֥ 102
ڰ 1
 7
 2
 61
ɺ 36
 22
 2
 15
 14
 217
 1261
ͦ 8
 2
 12
m 3
 1
 293
 6
 26
 5
 4
 25
Ӳ 2
 120
 1
 30
 41
 1
 10
 951
 101
 209
 3
 95
u 32
 42
 211
 2
 198
 888
 2
 304
 119
[ 2
 20
o 2
 7
 26
 8
 106
 26
 22
ۻ 9
 23
 21
 29
 24
 1
 2616
 134
 1
 2
 16
ý 54
 10
 34
 33
Ƞ 1
G 3
 4
 10
 29
 1
 4
 178
 9
 116
 203
 79
ш 1
 12
Ĥ 3
 26
 1
P 1
׳ 131
 1
 41
ï 80
 17
 107
 4
 2765
 125
 337
 31
 20
 238
 6
 1
 1439
 6
ͫ 4
 29
~ 2
 8
{ 1
 1
 70
 63
ͬ 1487
 89
 10
 387
Ի 8
 8
 253
ǩ 7
 242
r 1
 8
F 1
 2
 1
 1
 72
z 1
 22
 40
 86
 83
 1
 1
 4
 46
 8
 278
 194
 1
 3
 79
 1
 10
 40
 3
 1084
 524
ǿ 146
 1
ì 7
 3
Ĭ 94
 3
 1546
 8
 312
 13
 17
 345
 72
 6
 8
 11
 3
 24
 78
[ 1
 1
̽ 63
ަ 1
 33
 12
 86
 204
 13
 9
 89
 1
 2
 42
Ʋ 1
 2
 2
 81
 199
Х 106
 11
 39
 2
F 3
 285
p 6
 45
 2
ع 1
 2
ؾ 1
 4
ܤ 1
 2
 1
 33
Ĺ 37
 12
 2
 2
˳ 46
 1
 2
 2
á 38
 40
 2
 13
 1
 68
 14
ѳ 4
 2709
 3
 32
 2
P 2
 1
 133
 1
k 1
ŭ 15
J 1
 9
 86
 2
 60
 74
 33
 79
 2
 8
 27
 3
C 9
L 2
 10
 273
 34
 147
 5
d 5
 43
 196
 74
 3
 2
_ 2
 95
 10
ݯ 1
 1
 1
 48
 2
 14
 340
 3
è 1
٩ 1
 30
 42
 1859
 2
 1
 281
 10
 155
 16
 4
 104
 290
 73
 11
 38
 42
 1
 3
 11
 2
 5
 1
K 1
 160
 242
 33
 2
l 2
 30
 1
 8
 1
ѯ 8
 1
| 1
 22
 278
 2794
 98
 90
 1
 4
ӥ 49
 113
 85
| 2
 16
 196
 2
 1301
û 208
M 12
 4
 52
 12
Ա 16
 3
 5
 1
ڤ 242
 1
 1
 1291
 39
 48
 1
 348
 1
 2
 645
 12
 20
 47
 4
 7
 63
` 1
H 4
 2
 6
 11
٤ 7
k 9
 1
 27
 308
 3
 11
չ 107
 9
 24
 3
 43
 276
 28
 51
 62
 1
 54
 2
 1
 1
 1
 5
 625
 3
 281
 1
 1
 1
 3
 5
 3
 8
Ѥ 5
 5
 23
 4
 34
 3322
 2
 1
 4
Χ 82
ͷ 837
 3
ť 1
 2
 1
 551
 27
 93
 31
 3
զ 1
 1
 8
 15
 36
 17
 2
 1
 1
 607
 4
կ 3
ݹ 1
ʦ 398
g 1
 1
 6
 14
 26
 1
ѧ 357
 4
 1
 22
մ 257
 2
 90
ު 1
 10
ԣ 2
 8
 20
 13
 1
 20
 11
 9
 1
 1
˧ 10
 15
ܭ 6
 100
 1
 21
 115
 525
 1
 2
 71
 118
 21
e 1
 1
 1
 1
 427
 15
 121
 2
O 126
ʽ 7
 901
 7
 1
 4
 76
 1
Ƹ 16
 232
 3
 4
 4
 353
 10
 85
 50
 25
ф 2
 185
 50
 45
 621
 172
 4
ݥ 13
 620
 1
 11
 14
 20
µ 13
 1
 637
ص 2
 4
 27
 29
 1
 65
 1
̲ 105
U 1
 40
 3
 118
 2
 5
ū 26
 24
 27
 65
 13
 134
֤ 23
к 55
 32
o 1
 41
 1
Ż 3
 3183
 2
 25
 317
 54
Ŭ 4
 40
 224
 38
l 1
 825
K 1
 459
 1
¡ 17
Ǧ 22
 635
 213
 1
׭ 21
 324
^ 2
 536
 42
 2
 8
 2
P 1
î 5
 3
o 1
 9
 83
ܲ 11
 1
 4
 7
 65
ԧ 129
У 39
 3
 22
 124
l 1
 8
I 1
 1
¼ 11
ɹ 22
 85
 37
ο 88
} 1
ط 8
r 3
 1
 38
 1
S 4
 27
 10
 11
 2
 16
 1
ޫ 1
 1
 1799
 2
 40
 99
 87
 13
^ 1
 6
 1
҈ 1
 517
δ 2001
 1
Ĩ 2
g 8
 349
 2
 145
 154
 90
 1561
 20
 708
 6
 19
 1
 17
 160
 1
ŵ 8
 217
 1849
 31
 26
Ƨ 80
 1956
 3
 13
 1
 23
 362
 93
 47
 4
 99
 6
 2
 7
ҹ 2617
 83
 52
 3
 69
 3
 1
۸ 1
 4
 1
 31
 14
 40
 1
 46
 352
 180
] 1
 7
 2
ã 199
 7
M 1
Ǿ 7
 15
ֲ 51
 130
 1
[ 2
 15
 91
 583
 15
 3
 17
 12
 65
 1
ۦ 1
ۤ 2
 1414
 481
 10
ƪ 134
̩ 64
 19
 6
 5
 1185
׷ 129
 9
ּ 42
 7
b 3
 4
 100
 83
 294
 1
 2
 2101
 2
 7
± 9
 28
 18
ŷ 4
 2
 2
O 1
 22
 75
 395
 2566
 155
 6
l 5
 7
t 23
Ū 196
 42
 42
 2
 2
 64
 2
W 1
 1
 80
{ 1
հ 87
V 3
 1
 28
 6
ȷ 3
 6
 21
 13
 20
 7
 3
 77
 119
 1
 14
߮ 9
 20
 46
 13
 22
 1586
b 1
 4
 31
 4
N 2
ɰ 51
Ҿ 32
Ҧ 18
 569
 2
 1749
 6
 1
 105
 12
 1
 31
ɨ 216
A 1
 30
 1
e 3
 48
 3
 2
 5
 3168
 17
 11
 5
 6
 7
 303
 1
ۯ 1
 118
ư 47
 4
ճ 19
] 1
 9
Ӯ 6
 2
 63
 233
ѡ 41
ҧ 4
 539
ٰ 5
 5
 2
L 2
 14
 2
 10
 6
 18
 2
 1
 32
 22
ھ 5
Ӫ 211
 8
 135
 438
 508
 58
 23
 3
 2
ȥ 2614
 156
 1
 1
 2
 47
 1
͢ 27
 4
 10
 199
 15
 11
 20
 20
֮ 255
 1
 6
 36
 612
 7
 1
 3
 18
Ң 131
 11
 2
 14
 1
 13
 5
 2
 1
 1
 12
 2
 18
Ҹ 3
X 3
 46
 2
 297
 3
ڣ 48
ӄ 2
 165
 4
 283
 2
 52
 522
ǯ 1
 17
 3
 47
 68
 197
 23
 2
 61
g 36
 292
 2
 77
ë 158
 4
 24
ȹ 47
 50
 14
 8
 1
 26
 1
K 1
Q 7
 4
Ȫ 888
ʬ 11
 1
 4
Ӱ 1080
 10
_ 1
² 132
ɢ 573
 10
 401
Ư 42
 1
 52
 12
 1178
 90
 152
 29
 5
 60
 2
 42
 290
 3
 506
 17
 200
ױ 166
 3
̦ 472
 2
 144
 16
 2537
 16
 73
@ 4
æ 62
 67
 53
Ǽ 44
 5
޾ 5
ܷ 25
 235
 86
 26
 2
ǹ 12
 1
 8
 23
 8
 4
 22
` 15
 911
 1
 2
 14
 83
 48
 87
 1
 3710
 6
y 2
 34
 124
 1169
q 1
 153
 107
 257
 3
 7
 74
 44
 16
 3
ȧ 1
 2
 19
 8
 328
 443
 206
 36
 17
 66
 17
ָ 194
 1
 17
 11
 2
t 1
 239
 1
 4
 4
t 1
 3
 20
ϵ 130
 18
 7
 20
 241
 157
 308
޻ 6
 3
 2
l 2
 13
 1811
 347
 27
 1
 2654
 1
 2059
 2
 15
 2119
 1
ˬ 77
s 1
b 6
 6
 15
 13
 70
׽ 2
 1
e 11
ע 47
 153
 330
 414
 2
 59
 2
 2
 205
 2
 29
ʷ 167
 16
 45
 6
 3
 22
 4
 1
ҥ 56
 643
 78
 13
 1
 13
 3
 3
 8
 7
 34
 283
 23
ӱ 6
 288
i 1
 2
Ҥ 1
 9
Խ 312
 23
 3
 6
 162
 122
 8
 123
 263
в 1
 8
 186
 1
 3
s 5
 1
 592
_ 1
