֦ 1
 2
 3
 4
 5
 6
 7
 8
 9
 10
 11
 12
խ 13
 14
 15
 16
 17
 18
 19
 20
 21
 22
 23
 24
 25
 26
 27
U 28
d 29
 30
 31
 32
 33
 34
 35
 36
 37
 38
 39
 40
ȴ 41
 42
 43
L 44
Ͱ 45
ʰ 46
 47
A 48
x 49
 50
 51
ƴ 52
 53
 54
ʳ 55
צ 56
 57
 58
 59
Ì 60
 61
ͽ 62
 63
 64
 65
 66
ժ 67
 68
 69
 70
 71
 72
 73
 74
 75
k 76
 77
 78
ެ 79
 80
 81
 82
ʆ 83
ȫ 84
 85
 86
 87
 88
ҡ 89
 90
 91
н 92
 93
 94
ۡ 95
 96
 97
 98
 99
˭ 100
 101
 102
 103
 104
 105
ɮ 106
 107
 108
 109
ǣ 110
 111
ޱ 112
Ȭ 113
 114
 115
Ţ 116
 117
 118
 119
 120
 121
 122
 123
 124
˴ 125
 126
۰ 127
 128
Υ 129
 130
 131
ũ 132
 133
 134
 135
 136
 137
x 138
 139
 140
 141
 142
u 143
Ӿ 144
 145
 146
 147
 148
 149
ǡ 150
 151
r 152
 153
 154
 155
 156
 157
 158
ڷ 159
 160
 161
A 162
 163
 164
 165
 166
м 167
d 168
 169
 170
 171
 172
 173
ɻ 174
Ѻ 175
 176
 177
 178
 179
 180
 181
 182
 183
s 184
 185
 186
 187
 188
 189
 190
 191
 192
 193
D 194
ü 195
 196
 197
 198
 199
 200
 201
 202
 203
 204
 205
޿ 206
 207
 208
 209
 210
 211
r 212
 213
 214
Ρ 215
 216
 217
 218
ÿ 219
 220
 221
ا 222
 223
Ъ 224
 225
 226
 227
˻ 228
 229
 230
 231
 232
 233
 234
̥ 235
 236
 237
 238
 239
 240
 241
 242
 243
 244
 245
h 246
 247
 248
` 249
 250
 251
 252
 253
U 254
 255
 256
 257
 258
̰ 259
С 260
 261
ݷ 262
 263
 264
 265
ͮ 266
 267
 268
 269
̿ 270
 271
 272
 273
׾ 274
 275
 276
 277
 278
 279
 280
 281
 282
 283
 284
 285
 286
 287
 288
 289
 290
 291
 292
 293
 294
 295
 296
 297
 298
 299
 300
 301
 302
 303
 304
ȵ 305
 306
 307
Ŕ 308
ϻ 309
 310
 311
S 312
ҵ 313
֢ 314
Ф 315
 316
] 317
̴ 318
 319
 320
 321
̬ 322
 323
ġ 324
ѽ 325
 326
 327
 328
 329
 330
 331
 332
̶ 333
շ 334
 335
 336
 337
Ǆ 338
f 339
 340
 341
 342
 343
J 344
i 345
\ 346
Ψ 347
 348
 349
 350
j 351
 352
 353
ʧ 354
 355
 356
 357
ޤ 358
 359
 360
 361
 362
 363
 364
 365
 366
 367
 368
 369
˿ 370
֫ 371
R 372
Ҳ 373
 374
 375
 376
 377
 378
 379
 380
 381
 382
 383
 384
 385
o 386
 387
 388
 389
 390
 391
 392
˶ 393
 394
 395
 396
 397
ϼ 398
X 399
 400
 401
 402
 403
 404
 405
 406
q 407
 408
 409
 410
 411
 412
 413
 414
 415
 416
 417
 418
b 419
Ӭ 420
 421
 422
ߢ 423
 424
 425
 426
 427
 428
 429
 430
 431
 432
 433
ݮ 434
 435
 436
ն 437
 438
 439
 440
 441
 442
 443
 444
 445
ռ 446
̷ 447
 448
 449
 450
 451
 452
 453
 454
 455
 456
 457
ڀ 458
פ 459
 460
Ȥ 461
 462
ش 463
ۮ 464
 465
 466
 467
 468
 469
 470
 471
 472
 473
 474
 475
 476
 477
 478
 479
 480
 481
 482
 483
 484
 485
 486
 487
 488
љ 489
 490
β 491
 492
 493
 494
Э 495
 496
 497
 498
 499
 500
 501
 502
 503
 504
ʤ 505
 506
 507
Դ 508
 509
i 510
ݻ 511
 512
 513
 514
ӯ 515
̡ 516
 517
 518
 519
 520
 521
 522
ѩ 523
 524
 525
ź 526
 527
 528
 529
Ŏ 530
΅ 531
 532
÷ 533
 534
 535
 536
ɽ 537
 538
 539
 540
 541
 542
 543
 544
Է 545
϶ 546
 547
Ũ 548
 549
 550
 551
 552
 553
 554
ں 555
 556
 557
 558
Ǣ 559
 560
 561
 562
 563
 564
۫ 565
 566
Ō 567
 568
 569
 570
 571
 572
 573
 574
 575
 576
 577
 578
 579
 580
 581
 582
 583
 584
 585
 586
Z 587
 588
 589
 590
h 591
K 592
 593
 594
 595
 596
 597
ۺ 598
 599
 600
 601
 602
 603
Ѱ 604
u 605
 606
 607
ة 608
 609
 610
 611
 612
 613
 614
 615
 616
 617
 618
 619
 620
 621
 622
 623
 624
 625
 626
 627
[ 628
 629
 630
 631
 632
 633
 634
֭ 635
 636
ܰ 637
 638
 639
״ 640
 641
 642
 643
 644
 645
 646
 647
 648
 649
 650
 651
 652
 653
 654
 655
 656
ٱ 657
 658
ի 659
 660
 661
 662
 663
 664
 665
 666
 667
 668
 669
 670
 671
 672
 673
{ 674
 675
 676
 677
 678
 679
Ͽ 680
o 681
 682
Ǌ 683
Y 684
 685
 686
 687
ж 688
 689
 690
 691
 692
 693
 694
 695
 696
 697
 698
 699
 700
 701
` 702
 703
º 704
 705
ʹ 706
 707
 708
 709
ι 710
 711
ޣ 712
 713
 714
 715
 716
 717
 718
 719
 720
ԥ 721
 722
 723
Ⱦ 724
 725
 726
 727
 728
 729
 730
 731
 732
 733
 734
 735
 736
 737
 738
 739
 740
 741
 742
 743
 744
 745
 746
 747
 748
 749
i 750
 751
ͩ 752
Ե 753
 754
 755
Ƕ 756
 757
¾ 758
 759
 760
 761
 762
 763
 764
ږ 765
 766
 767
 768
ĺ 769
 770
ƅ 771
 772
 773
 774
 775
k 776
 777
 778
 779
 780
ٷ 781
 782
 783
 784
 785
 786
 787
 788
 789
 790
 791
 792
 793
Ȼ 794
Ѭ 795
 796
 797
 798
v 799
 800
 801
 802
Ľ 803
 804
 805
 806
 807
 808
 809
 810
 811
 812
 813
ֹ 814
Ƴ 815
 816
 817
 818
 819
 820
 821
 822
 823
 824
 825
Ȟ 826
 827
ˉ 828
 829
 830
 831
 832
 833
 834
 835
 836
 837
 838
 839
 840
 841
 842
 843
 844
 845
Բ 846
 847
 848
 849
ǵ 850
 851
 852
 853
 854
 855
 856
 857
 858
 859
T 860
 861
 862
 863
b 864
Ѫ 865
׫ 866
 867
 868
 869
 870
 871
} 872
 873
 874
 875
l 876
 877
Z 878
 879
 880
 881
ƾ 882
ҷ 883
 884
 885
 886
ӭ 887
 888
 889
 890
 891
 892
 893
 894
 895
Y 896
 897
 898
ٲ 899
 900
 901
 902
 903
@ 904
 905
 906
 907
 908
ز 909
 910
 911
 912
 913
 914
 915
 916
 917
y 918
 919
 920
ר 921
 922
 923
 924
³ 925
 926
 927
 928
 929
 930
 931
 932
 933
 934
 935
 936
 937
 938
ݪ 939
 940
 941
 942
Ҽ 943
֩ 944
 945
 946
έ 947
 948
D 949
 950
 951
̯ 952
 953
 954
 955
 956
 957
 958
 959
Ͻ 960
 961
 962
G 963
 964
ֳ 965
 966
K 967
j 968
 969
ȯ 970
 971
 972
 973
 974
 975
ک 976
 977
 978
 979
 980
 981
 982
 983
 984
ɳ 985
 986
 987
 988
¿ 989
 990
 991
 992
 993
 994
 995
 996
 997
Զ 998
 999
 1000
 1001
 1002
 1003
 1004
 1005
 1006
 1007
 1008
n 1009
 1010
 1011
 1012
 1013
 1014
լ 1015
͡ 1016
 1017
 1018
 1019
 1020
 1021
 1022
 1023
Ҵ 1024
ӫ 1025
 1026
 1027
ݼ 1028
 1029
 1030
 1031
 1032
 1033
 1034
 1035
 1036
 1037
 1038
ֺ 1039
 1040
 1041
 1042
 1043
F 1044
G 1045
 1046
 1047
ӡ 1048
 1049
 1050
 1051
ͨ 1052
 1053
W 1054
 1055
 1056
 1057
 1058
 1059
׸ 1060
 1061
 1062
 1063
 1064
 1065
г 1066
 1067
 1068
 1069
 1070
 1071
i 1072
ɫ 1073
 1074
 1075
s 1076
ϧ 1077
 1078
 1079
 1080
ѥ 1081
 1082
 1083
ȸ 1084
ϭ 1085
 1086
 1087
ܽ 1088
 1089
 1090
 1091
 1092
 1093
 1094
 1095
ѫ 1096
 1097
 1098
 1099
 1100
 1101
 1102
 1103
¤ 1104
 1105
 1106
ְ 1107
 1108
 1109
 1110
 1111
 1112
 1113
Τ 1114
 1115
 1116
U 1117
 1118
ߪ 1119
 1120
 1121
 1122
 1123
 1124
 1125
͸ 1126
 1127
 1128
 1129
 1130
Ϣ 1131
 1132
ͼ 1133
ծ 1134
 1135
 1136
 1137
 1138
 1139
 1140
 1141
 1142
 1143
 1144
 1145
b 1146
 1147
 1148
 1149
 1150
 1151
 1152
 1153
 1154
 1155
 1156
 1157
 1158
ҩ 1159
 1160
 1161
 1162
 1163
 1164
 1165
å 1166
 1167
 1168
̳ 1169
 1170
 1171
 1172
 1173
 1174
 1175
 1176
 1177
 1178
 1179
 1180
 1181
 1182
 1183
 1184
 1185
 1186
 1187
 1188
 1189
 1190
 1191
Կ 1192
 1193
 1194
 1195
 1196
 1197
 1198
 1199
 1200
 1201
 1202
 1203
 1204
 1205
 1206
 1207
 1208
 1209
а 1210
q 1211
 1212
 1213
 1214
 1215
 1216
 1217
 1218
 1219
 1220
 1221
 1222
׿ 1223
 1224
[ 1225
 1226
 1227
 1228
 1229
 1230
 1231
 1232
 1233
 1234
 1235
 1236
 1237
 1238
 1239
ӧ 1240
 1241
 1242
 1243
 1244
ִ 1245
N 1246
 1247
v 1248
 1249
 1250
 1251
 1252
 1253
 1254
 1255
 1256
 1257
̨ 1258
 1259
 1260
ӳ 1261
Ǭ 1262
 1263
 1264
 1265
 1266
 1267
 1268
 1269
ˮ 1270
 1271
 1272
˾ 1273
 1274
 1275
ƫ 1276
 1277
ƻ 1278
 1279
 1280
 1281
 1282
 1283
 1284
 1285
 1286
 1287
 1288
 1289
 1290
 1291
J 1292
 1293
 1294
 1295
 1296
 1297
 1298
 1299
ɣ 1300
 1301
ò 1302
 1303
s 1304
 1305
 1306
 1307
 1308
 1309
 1310
 1311
 1312
 1313
 1314
 1315
 1316
 1317
 1318
 1319
w 1320
 1321
 1322
 1323
 1324
 1325
 1326
ϣ 1327
ϲ 1328
 1329
 1330
Ԭ 1331
 1332
 1333
 1334
¬ 1335
 1336
F 1337
 1338
 1339
 1340
ı 1341
 1342
 1343
 1344
 1345
 1346
 1347
ٺ 1348
 1349
 1350
 1351
 1352
 1353
 1354
 1355
 1356
 1357
 1358
 1359
 1360
ؽ 1361
o 1362
\ 1363
 1364
 1365
 1366
 1367
 1368
֪ 1369
 1370
 1371
˥ 1372
 1373
 1374
 1375
 1376
̸ 1377
 1378
 1379
Ƥ 1380
 1381
 1382
 1383
 1384
 1385
Z 1386
 1387
η 1388
 1389
õ 1390
@ 1391
 1392
q 1393
̧ 1394
 1395
 1396
 1397
W 1398
ƭ 1399
 1400
 1401
 1402
 1403
 1404
 1405
 1406
 1407
 1408
 1409
ʴ 1410
 1411
 1412
 1413
 1414
ۼ 1415
 1416
 1417
 1418
 1419
i 1420
 1421
 1422
Ž 1423
 1424
 1425
 1426
Լ 1427
 1428
` 1429
 1430
 1431
 1432
 1433
 1434
 1435
 1436
 1437
 1438
 1439
޽ 1440
 1441
 1442
Ɛ 1443
 1444
 1445
 1446
 1447
X 1448
 1449
 1450
 1451
ɦ 1452
ī 1453
 1454
 1455
ǳ 1456
 1457
 1458
 1459
 1460
 1461
 1462
 1463
 1464
 1465
 1466
˱ 1467
 1468
 1469
ΰ 1470
 1471
ñ 1472
 1473
 1474
 1475
 1476
 1477
 1478
ʭ 1479
 1480
 1481
 1482
 1483
 1484
 1485
F 1486
 1487
 1488
 1489
 1490
 1491
 1492
 1493
 1494
Ȣ 1495
Ҫ 1496
] 1497
 1498
 1499
 1500
ǲ 1501
 1502
˫ 1503
 1504
 1505
 1506
 1507
 1508
 1509
X 1510
 1511
 1512
Ѩ 1513
 1514
 1515
 1516
 1517
 1518
ѻ 1519
۳ 1520
 1521
 1522
 1523
 1524
 1525
 1526
N 1527
 1528
 1529
 1530
 1531
 1532
 1533
 1534
ö 1535
 1536
ӣ 1537
 1538
 1539
 1540
 1541
 1542
 1543
ٿ 1544
Ƭ 1545
 1546
P 1547
 1548
 1549
 1550
 1551
 1552
 1553
 1554
 1555
 1556
ۈ 1557
 1558
 1559
թ 1560
 1561
 1562
ӵ 1563
 1564
 1565
 1566
 1567
 1568
 1569
 1570
 1571
 1572
 1573
 1574
ν 1575
 1576
 1577
 1578
 1579
 1580
 1581
 1582
 1583
 1584
 1585
A 1586
 1587
 1588
 1589
 1590
 1591
ڹ 1592
 1593
˹ 1594
 1595
ƣ 1596
 1597
 1598
 1599
` 1600
 1601
 1602
 1603
 1604
 1605
 1606
 1607
 1608
 1609
 1610
 1611
¦ 1612
 1613
ɪ 1614
 1615
 1616
 1617
 1618
 1619
 1620
 1621
ս 1622
 1623
ػ 1624
 1625
 1626
 1627
 1628
 1629
 1630
 1631
ϸ 1632
 1633
I 1634
 1635
 1636
 1637
Ҭ 1638
ż 1639
 1640
ɲ 1641
ů 1642
 1643
 1644
Ь 1645
x 1646
 1647
ۭ 1648
 1649
 1650
u 1651
 1652
 1653
ʻ 1654
 1655
 1656
ģ 1657
 1658
 1659
 1660
Ұ 1661
 1662
 1663
 1664
 1665
 1666
 1667
 1668

 1669
 1670
ɾ 1671
 1672
ʩ 1673
 1674
 1675
 1676
ô 1677
 1678
 1679
 1680
 1681
 1682
 1683
 1684
ð 1685
 1686
 1687
K 1688
 1689
 1690
Ŧ 1691
 1692
 1693
 1694
 1695
Ħ 1696
 1697
 1698
 1699
 1700
 1701
 1702
 1703
̺ 1704
Գ 1705
 1706
 1707
t 1708
 1709
 1710
 1711
m 1712
 1713
 1714
r 1715
 1716
 1717
д 1718
 1719
 1720
 1721
 1722
 1723
 1724
ʲ 1725
 1726
 1727
v 1728
 1729
 1730
 1731
 1732
 1733
 1734
Ŀ 1735
 1736
 1737
 1738
 1739
 1740
 1741
q 1742
 1743
 1744
 1745
 1746
 1747
 1748
ʣ 1749
 1750
 1751
 1752
 1753
 1754
 1755
 1756
 1757
 1758
Ϸ 1759
 1760
 1761
 1762
 1763
 1764
 1765
 1766
 1767
 1768
 1769
 1770
 1771
б 1772
 1773
 1774
 1775
 1776
 1777
 1778
 1779
 1780
 1781
W 1782
Ű 1783
 1784
 1785
 1786
 1787
۶ 1788
 1789
O 1790
 1791
Ϳ 1792
 1793
 1794
 1795
N 1796
׼ 1797
 1798
 1799
 1800
 1801
Ⱥ 1802
Q 1803
 1804
 1805
 1806
 1807
 1808
 1809
 1810
μ 1811
 1812
 1813
 1814
 1815
 1816
 1817
 1818
 1819
 1820
 1821
 1822
A 1823
 1824
 1825
© 1826
 1827
 1828
 1829
 1830
 1831
 1832
 1833
 1834
 1835
 1836
ַ 1837
 1838
 1839
P 1840
 1841
S 1842
 1843
 1844
Ԣ 1845
 1846
 1847
 1848
 1849
 1850
 1851
 1852
 1853
 1854
 1855
 1856
 1857
 1858
 1859
 1860
 1861
 1862
 1863
 1864
 1865
 1866
 1867
 1868
 1869
 1870
 1871
 1872
Ԥ 1873
 1874
 1875
 1876
 1877
 1878
 1879
 1880
 1881
 1882
n 1883
 1884
 1885
 1886
 1887
 1888
 1889
 1890
 1891
 1892
 1893
a 1894
ֱ 1895
 1896
 1897
 1898
 1899
Į 1900
О 1901
 1902
 1903
 1904
 1905
 1906
 1907
 1908
 1909
 1910
 1911
 1912
̹ 1913
 1914
߳ 1915
 1916
 1917
 1918
 1919
p 1920
 1921
{ 1922
 1923
H 1924
 1925
 1926
 1927
 1928
 1929
̣ 1930
 1931
 1932
 1933
 1934
޵ 1935
 1936
 1937
ڪ 1938
 1939
 1940
 1941
 1942
 1943
O 1944
 1945
 1946
 1947
 1948
 1949
 1950
 1951
˽ 1952
 1953
 1954
 1955
 1956
 1957
m 1958
Ƽ 1959
 1960
 1961
 1962
 1963
 1964
 1965
 1966
 1967
 1968
 1969
ͣ 1970
C 1971
E 1972
 1973
ϥ 1974
 1975
 1976
 1977
Ѳ 1978
 1979
 1980
 1981
׺ 1982
 1983
Ʈ 1984
 1985
 1986
 1987
 1988
 1989
 1990
 1991
 1992
D 1993
 1994
 1995
 1996
ʵ 1997
 1998
 1999
 2000
´ 2001
 2002
 2003
 2004
ӻ 2005
 2006
 2007
 2008
 2009
 2010
 2011
 2012
 2013
 2014
 2015
ܿ 2016
Ů 2017
 2018
 2019
 2020
Ϥ 2021
 2022
 2023
 2024
 2025
 2026
_ 2027
з 2028
 2029
 2030
 2031
 2032
 2033
 2034
 2035
 2036
 2037
· 2038
 2039
½ 2040
 2041
 2042
 2043
 2044
 2045
B 2046
 2047
 2048
 2049
 2050
I 2051
 2052
 2053
 2054
أ 2055
~ 2056
 2057
A 2058
 2059
 2060
 2061
 2062
I 2063
ԡ 2064
 2065
 2066
 2067
c 2068
 2069
 2070
߸ 2071
 2072
 2073
u 2074
 2075
 2076
 2077
 2078
ޯ 2079
 2080
 2081
տ 2082
ȱ 2083
 2084
 2085
 2086
 2087
 2088
 2089
 2090
 2091
 2092
 2093
 2094
f 2095
 2096
ʿ 2097
 2098
m 2099
` 2100
 2101
 2102
 2103
 2104
 2105
 2106
 2107
 2108
 2109
¢ 2110
 2111
 2112
 2113
 2114
 2115
 2116
 2117
 2118
 2119
 2120
 2121
 2122
 2123
 2124
 2125
 2126
ڵ 2127
 2128
 2129
 2130
 2131
 2132
 2133
 2134
 2135
L 2136
 2137
 2138
 2139
 2140
@ 2141
 2142
 2143
 2144
ݶ 2145
޶ 2146
 2147
 2148
 2149
 2150
J 2151
 2152
 2153
 2154
 2155
 2156
 2157
 2158
 2159
 2160
 2161
 2162
z 2163
ξ 2164
ݬ 2165
 2166
 2167
 2168
 2169
 2170
 2171
 2172
˵ 2173
 2174
 2175
 2176
 2177
 2178
Ы 2179
F 2180
 2181
 2182
 2183
 2184
 2185
 2186
 2187
 2188
 2189
 2190
ѹ 2191
 2192
 2193
 2194
 2195
 2196
 2197
h 2198
 2199
 2200
 2201
 2202
 2203
 2204
 2205
X 2206
 2207
֣ 2208
 2209
 2210
 2211
 2212
f 2213
 2214
 2215
 2216
 2217
 2218
 2219
 2220
 2221
 2222
 2223
@ 2224
 2225
 2226
 2227
 2228
 2229
 2230
^ 2231
 2232
 2233
J 2234
p 2235
 2236
 2237
 2238
 2239
͵ 2240
 2241
 2242
 2243
U 2244
ײ 2245
ܩ 2246
گ 2247
 2248
 2249
 2250
O 2251
 2252
o 2253
 2254
 2255
 2256
 2257
 2258
 2259
 2260
 2261
 2262
 2263
 2264
 2265
 2266
 2267
ί 2268
ת 2269
 2270
ٻ 2271
 2272
 2273
 2274
 2275
 2276
 2277
 2278
 2279
 2280
 2281
٢ 2282
J 2283
 2284
 2285
 2286
Ĳ 2287
 2288
 2289
 2290
 2291
ȭ 2292
 2293
 2294
 2295
K 2296
 2297
 2298
 2299
 2300
 2301
 2302
 2303
 2304
 2305
 2306
V 2307
 2308
; 2309
ͯ 2310
 2311
 2312
 2313
 2314
 2315
 2316
 2317
 2318
 2319
 2320
 2321
 2322
 2323
 2324
 2325
 2326
޹ 2327
 2328
 2329
 2330
 2331
 2332
 2333
d 2334
} 2335
 2336
 2337
ӿ 2338
y 2339
 2340
յ 2341
 2342
 2343
 2344
˲ 2345
 2346
Q 2347
 2348
 2349
 2350
Ω 2351
 2352
 2353
 2354
 2355
 2356
 2357
 2358
 2359
ѷ 2360
 2361
 2362
 2363
ۨ 2364
է 2365
 2366
ɧ 2367
٫ 2368
 2369
 2370
 2371
 2372
 2373
 2374
 2375
߶ 2376
 2377
 2378
 2379
e 2380
 2381
 2382
 2383
 2384
 2385
 2386
Ӹ 2387
 2388
Ǩ 2389
I 2390
B 2391
I 2392
ֻ 2393
 2394
 2395
 2396
ܣ 2397
 2398
 2399
 2400
 2401
 2402
 2403
 2404
 2405
 2406
 2407
 2408
 2409
 2410
 2411
 2412
 2413
 2414
 2415
 2416
 2417
 2418
 2419
 2420
 2421
 2422
ձ 2423
 2424
 2425
ʥ 2426
| 2427
ȶ 2428
 2429
 2430
 2431
 2432
 2433
Ԯ 2434
Ų 2435
 2436
 2437
 2438
v 2439
 2440
 2441
ѵ 2442
ѭ 2443
 2444
 2445
 2446
 2447
 2448
 2449
 2450
 2451
 2452
 2453
ĩ 2454
 2455
 2456
 2457
Ӧ 2458
Ȯ 2459
 2460
 2461
 2462
t 2463
 2464
m 2465
 2466
 2467
 2468
ݒ 2469
 2470
 2471
 2472
 2473
` 2474
ԩ 2475
 2476
 2477
 2478
 2479
 2480
 2481
 2482
 2483
 2484
G 2485
 2486
ި 2487
 2488
 2489
 2490
ζ 2491
 2492
 2493
 2494
 2495
 2496
 2497
 2498
 2499
 2500
 2501
 2502
 2503
 2504
 2505
 2506
 2507
 2508
ѱ 2509
 2510
 2511
 2512
 2513
n 2514
 2515
 2516
 2517
 2518
 2519
 2520
 2521
 2522
 2523
] 2524
 2525
 2526
 2527
 2528
 2529
 2530
 2531
 2532
 2533
 2534
 2535
 2536
 2537
 2538
˪ 2539
 2540
 2541
 2542
 2543
 2544
 2545
 2546
 2547
 2548
 2549
 2550
 2551
 2552
 2553
 2554
Ʃ 2555
 2556
 2557
Щ 2558
 2559
 2560
 2561
 2562
ĸ 2563
 2564
 2565
̾ 2566
 2567
 2568
 2569
 2570
߁ 2571
 2572
 2573
 2574
 2575
ţ 2576
 2577
 2578
 2579
 2580
 2581
 2582
 2583
 2584
 2585
~ 2586
 2587
ٳ 2588
 2589
ڽ 2590
 2591
 2592
 2593
 2594
Ϭ 2595
 2596
 2597
ɯ 2598
 2599
 2600
 2601
 2602
 2603
 2604
 2605
 2606
ǰ 2607
 2608
 2609
 2610
ϯ 2611
 2612
 2613
 2614
֬ 2615
 2616
 2617
 2618
 2619
 2620
 2621
 2622
 2623
 2624
C 2625
 2626
 2627
޺ 2628
 2629
 2630
 2631
 2632
 2633
ˡ 2634
v 2635
 2636
 2637
 2638
 2639
e 2640
 2641
 2642
 2643
 2644
Ԫ 2645
 2646
 2647
Ӷ 2648
 2649
 2650
 2651
 2652
é 2653
 2654
 2655
 2656
 2657
 2658
ֽ 2659
 2660
 2661
 2662
 2663
Ϧ 2664
d 2665
 2666
 2667
S 2668
л 2669
 2670
 2671
 2672
 2673
 2674
 2675
 2676
 2677
 2678
ө 2679
 2680
 2681
 2682
 2683
 2684
 2685
ƥ 2686
 2687
 2688
 2689
 2690
ε 2691
 2692
 2693
 2694
ѿ 2695
 2696
 2697
 2698
 2699
 2700
 2701
 2702
L 2703
 2704
 2705
 2706
 2707
 2708
 2709
 2710
 2711
ׯ 2712
 2713
 2714
 2715
 2716
 2717
 2718
ͧ 2719
 2720
 2721
 2722
} 2723
 2724
Ժ 2725
 2726
 2727
 2728
 2729
 2730
 2731
 2732
d 2733
 2734
 2735
 2736
¨ 2737
 2738
 2739
 2740
 2741
 2742
 2743
 2744
 2745
 2746
v 2747
 2748
 2749
 2750
 2751
 2752
 2753
Ķ 2754
 2755
 2756
 2757
 2758
 2759
 2760
 2761
 2762
 2763
 2764
 2765
 2766
 2767
 2768
 2769
L 2770
 2771
X 2772
ޡ 2773
 2774
 2775
 2776
 2777
 2778
й 2779
Ļ 2780
 2781
ٵ 2782
 2783
 2784
¥ 2785
 2786
 2787
 2788
 2789
դ 2790
 2791
Ʒ 2792
b 2793
 2794
 2795
 2796
 2797
˯ 2798
 2799
 2800
 2801
 2802
 2803
 2804
 2805
 2806
 2807
 2808
 2809
 2810
 2811
 2812
 2813
 2814
ֵ 2815
 2816
 2817
Ӣ 2818
 2819
 2820
 2821
޼ 2822
 2823
B 2824
 2825
 2826
 2827
 2828
 2829
 2830
 2831
 2832
ͭ 2833
v 2834
 2835
 2836
׶ 2837
 2838
 2839
 2840
_ 2841
 2842
 2843
 2844
خ 2845
 2846
 2847
Ƣ 2848
 2849
 2850
 2851
޲ 2852
 2853
 2854
 2855
X 2856
 2857
Ȱ 2858
 2859
 2860
 2861
 2862
 2863
ú 2864
 2865
 2866
 2867
 2868
 2869
 2870
 2871
΢ 2872
c 2873
 2874
ݱ 2875
 2876
 2877
 2878
 2879
 2880
 2881
 2882
 2883
 2884
 2885
 2886
 2887
 2888
a 2889
 2890
 2891
 2892
 2893
 2894
 2895
 2896
 2897
 2898
 2899
 2900
 2901
 2902
γ 2903
 2904
 2905
 2906
ɱ 2907
 2908
 2909
 2910
 2911
 2912
 2913
 2914
 2915
 2916
 2917
 2918
 2919
ɥ 2920
 2921
 2922
 2923
 2924
 2925
 2926
y 2927
 2928
 2929
 2930
 2931
Ƿ 2932
 2933
 2934
 2935
 2936
 2937
 2938
 2939
֧ 2940
 2941
 2942
 2943
 2944
 2945
 2946
Ϊ 2947
 2948
 2949
 2950
 2951
 2952
 2953
 2954
ܯ 2955
 2956
 2957
 2958
 2959
 2960
 2961
q 2962
џ 2963
ʊ 2964
 2965
 2966
N 2967
 2968
ʫ 2969
 2970
 2971
λ 2972
 2973
 2974
 2975
 2976
 2977
 2978
 2979
 2980
 2981
Ϻ 2982
 2983
 2984
׹ 2985
 2986
 2987
ƿ 2988
 2989
 2990
I 2991
 2992
 2993
A 2994
o 2995
ɩ 2996
 2997
 2998
ޥ 2999
 3000
 3001
i 3002
 3003
 3004
ȡ 3005
ղ 3006
 3007
 3008
 3009
 3010
 3011
 3012
V 3013
 3014
 3015
 3016
 3017
 3018
 3019
ק 3020
 3021
z 3022
 3023
 3024
 3025
 3026
 3027
 3028
 3029
 3030
Ӻ 3031
 3032
 3033
ɷ 3034
_ 3035
 3036
 3037
 3038
 3039
 3040
 3041
 3042
Ƶ 3043
 3044
 3045
 3046
 3047
Т 3048
 3049
 3050
 3051
 3052
 3053
 3054
 3055
 3056
 3057
 3058
 3059
 3060
 3061
 3062
 3063
 3064
 3065
 3066
 3067
ԯ 3068
ͤ 3069
ң 3070
 3071
 3072
 3073
 3074
 3075
ħ 3076
 3077
 3078
ǧ 3079
ب 3080
 3081
 3082
 3083
 3084
ʶ 3085
 3086
 3087
 3088
 3089
 3090
 3091
 3092
 3093
 3094
 3095
ά 3096
 3097
 3098
 3099
 3100
 3101
װ 3102
 3103
 3104
ĭ 3105
 3106
 3107
 3108
q 3109
Ϯ 3110
 3111
Ө 3112
 3113
 3114
 3115
 3116
 3117
 3118
 3119
 3120
 3121
 3122
 3123
 3124
 3125
 3126
 3127
 3128
 3129
 3130
 3131
 3132
 3133
 3134
 3135
 3136
 3137
 3138
 3139
 3140
˼ 3141
g 3142
 3143
 3144
ݺ 3145
 3146
 3147
r 3148
K 3149
Ѯ 3150
 3151
 3152
 3153
 3154
 3155
 3156
 3157
 3158
 3159
 3160
 3161
Σ 3162
 3163
 3164
ޢ 3165
 3166
 3167
 3168
 3169
 3170
 3171
 3172
ذ 3173
 3174
 3175
 3176
_ 3177
 3178
 3179
 3180
 3181
N 3182
 3183
 3184
 3185
 3186
 3187
 3188
 3189
 3190
 3191
 3192
 3193
Ȩ 3194
Ӥ 3195
 3196
 3197
 3198
 3199
 3200
 3201
԰ 3202
 3203
 3204
 3205
 3206
 3207
 3208
 3209
݃ 3210
 3211
 3212
 3213
 3214
 3215
 3216
 3217
 3218
 3219
 3220
 3221
 3222
 3223
 3224
 3225
Ǳ 3226
 3227
 3228
 3229
 3230
 3231
a 3232
 3233
 3234
 3235
 3236
 3237
 3238
 3239
Y 3240
 3241
 3242
 3243
 3244
 3245
 3246
P 3247
 3248
 3249
 3250
 3251
 3252
 3253
ϙ 3254
֯ 3255
 3256
պ 3257
 3258
 3259
 3260
 3261
 3262
 3263
Y 3264
 3265
ƶ 3266
ɼ 3267
 3268
 3269
 3270
 3271
ګ 3272
 3273
 3274
 3275
 3276
 3277
z 3278
Я 3279
ϰ 3280
 3281
_ 3282
­ 3283
 3284
 3285
ʱ 3286
 3287
 3288
 3289
 3290
 3291
 3292
 3293
 3294
b 3295
 3296
 3297
 3298
 3299
 3300
 3301
 3302
 3303
 3304
 3305
 3306
 3307
V 3308
 3309
E 3310
 3311
 3312
 3313
 3314
G 3315
 3316
Ǵ 3317
 3318
 3319
Ə 3320
 3321
 3322
̵ 3323
 3324
ݰ 3325
 3326
 3327
 3328
 3329
 3330
 3331
ԭ 3332
Թ 3333
ĵ 3334
 3335
 3336
 3337
ס 3338
 3339
 3340
 3341
 3342
 3343
˷ 3344
 3345
 3346
 3347
 3348
 3349
 3350
־ 3351
 3352
X 3353
¹ 3354
 3355
 3356
ާ 3357
Ҷ 3358
 3359
 3360
 3361
ߧ 3362
 3363
Ը 3364
 3365
Ч 3366
 3367
 3368
 3369
 3370
ջ 3371
k 3372
 3373
 3374
X 3375
 3376
 3377
 3378
 3379
ɬ 3380
 3381
 3382
Ċ 3383
 3384
H 3385
̭ 3386
 3387
 3388
 3389
 3390
 3391
 3392
 3393
̻ 3394
 3395
 3396
 3397
̫ 3398
 3399
 3400
 3401
 3402
 3403
 3404
 3405
 3406
ͥ 3407
 3408
 3409
 3410
S 3411
 3412
 3413
 3414
 3415
 3416
 3417
 3418
 3419
 3420
 3421
T 3422
 3423
 3424
 3425
κ 3426
 3427
 3428
 3429
 3430
 3431
 3432
ʢ 3433
۷ 3434
 3435
 3436
 3437
 3438
 3439
 3440
ұ 3441
ש 3442
 3443
 3444
 3445
L 3446
 3447
 3448
 3449
 3450
 3451
 3452
_ 3453
į 3454
 3455
 3456
 3457
 3458
Y 3459
 3460
 3461
 3462
j 3463
 3464
 3465
 3466
 3467
 3468
 3469
 3470
 3471
 3472
 3473
 3474
 3475
 3476
 3477
 3478
 3479
 3480
 3481
 3482
ʡ 3483
 3484
 3485
 3486
 3487
 3488
 3489
 3490
 3491
 3492
x 3493
 3494
U 3495
 3496
a 3497
 3498
 3499
 3500
߫ 3501
 3502
ͺ 3503
 3504
 3505
 3506
 3507
 3508
¶ 3509
 3510
 3511
 3512
ļ 3513
 3514
 3515
 3516
 3517
 3518
 3519
 3520
Ͳ 3521
 3522
 3523
M 3524
 3525
 3526
 3527
G 3528
 3529
٪ 3530
 3531
 3532
 3533
 3534
 3535
 3536
 3537
ֶ 3538
 3539
 3540
Ц 3541
׬ 3542
 3543
 3544
 3545
 3546
 3547
ʾ 3548
 3549
Р 3550
G 3551
 3552
 3553
 3554
 3555
 3556
 3557
ۧ 3558
 3559
 3560
 3561
 3562
 3563
 3564
 3565
o 3566
 3567
ĥ 3568
ݳ 3569
 3570
 3571
 3572
 3573
 3574
m 3575
 3576
 3577
| 3578
 3579
 3580
 3581
 3582
 3583
 3584
 3585
 3586
 3587
 3588
 3589
 3590
 3591
 3592
ߓ 3593
 3594
 3595
 3596
 3597
 3598
 3599
N 3600
 3601
 3602
 3603
 3604
 3605
 3606
 3607
ߵ 3608
 3609
 3610
 3611
ӽ 3612
Ԧ 3613
 3614
Y 3615
 3616
 3617
 3618
Ϫ 3619
 3620
 3621
 3622
 3623
ͻ 3624
 3625
 3626
 3627
 3628
 3629
 3630
 3631
 3632
ԫ 3633
 3634
 3635
 3636
 3637
 3638
 3639
 3640
 3641
ϡ 3642
 3643
 3644
 3645
 3646
 3647
 3648
 3649
 3650
 3651
 3652
 3653
 3654
 3655
 3656
 3657
 3658
 3659
 3660
 3661
 3662
 3663
D 3664
 3665
 3666
ʪ 3667
 3668
 3669
 3670
 3671
z 3672
 3673
T 3674
® 3675
Q 3676
Ǯ 3677
 3678
ϴ 3679
 3680
 3681
 3682
p 3683
Ѽ 3684
 3685
 3686
ǽ 3687
 3688
 3689
 3690
 3691
 3692
 3693
 3694
 3695
 3696
 3697
 3698
Ŋ 3699
 3700
d 3701
 3702
 3703
 3704
 3705
ɴ 3706
 3707
ń 3708
 3709
 3710
 3711
 3712
 3713
 3714
 3715
 3716
ľ 3717
 3718
k 3719
 3720
W 3721
 3722
 3723
 3724
 3725
 3726
α 3727
 3728
 3729
 3730
 3731
 3732
 3733
 3734
 3735
 3736
 3737
 3738
 3739
 3740
 3741
 3742
 3743
 3744
 3745
Ю 3746
 3747
 3748
 3749
 3750
 3751
 3752
 3753
 3754
ٯ 3755
 3756
[ 3757
Ī 3758
 3759
 3760
 3761
\ 3762
 3763
 3764
 3765
F 3766
 3767
 3768
 3769
 3770
 3771
 3772
 3773
 3774
ʯ 3775
 3776
˰ 3777
 3778
 3779
ް 3780
\ 3781
 3782
ɉ 3783
 3784
 3785
 3786
 3787
ү 3788
 3789
 3790
 3791
 3792
Ǹ 3793
 3794
 3795
 3796
 3797
 3798
 3799
 3800
 3801
 3802
 3803
 3804
 3805
 3806
 3807
 3808
 3809
 3810
 3811
 3812
ή 3813
 3814
 3815
۩ 3816
D 3817
 3818
 3819
 3820
 3821
 3822
 3823
 3824
 3825
 3826
f 3827
 3828
 3829
 3830
 3831
Ɍ 3832
ӹ 3833
 3834
 3835
} 3836
נ 3837
 3838
 3839
 3840
 3841
 3842
 3843
 3844
 3845
 3846
 3847
c 3848
 3849
 3850
 3851
 3852
 3853
 3854
ʮ 3855
 3856
h 3857
 3858
 3859
 3860
 3861
 3862
 3863
 3864
 3865
 3866
k 3867
 3868
 3869
 3870
{ 3871
 3872
ɭ 3873
G 3874
 3875
 3876
 3877
Ԩ 3878
۵ 3879
 3880
 3881
 3882
 3883
 3884
 3885
 3886
 3887
 3888
 3889
 3890
 3891
» 3892
 3893
 3894
 3895
 3896
 3897
ʸ 3898
 3899
 3900
 3901
 3902
ƽ 3903
 3904
 3905
 3906
 3907
 3908
 3909
 3910
Ԉ 3911
 3912
 3913
 3914
Ѧ 3915
Һ 3916
 3917
 3918
 3919
 3920
ބ 3921
 3922
 3923
 3924
 3925
 3926
 3927
 3928
 3929
 3930
 3931
 3932
 3933
 3934
 3935
 3936
 3937
 3938
 3939
 3940
I 3941
 3942
 3943
 3944
 3945
N 3946
 3947
 3948
 3949
 3950
U 3951
 3952
 3953
ǫ 3954
 3955
Y 3956
 3957
 3958
ç 3959
s 3960
 3961
 3962
 3963
 3964
 3965
K 3966
 3967
 3968
 3969
 3970
Ͼ 3971
ǭ 3972
 3973
 3974
 3975
 3976
 3977
 3978
 3979
 3980
 3981
 3982
 3983
 3984
 3985
T 3986
 3987
 3988
 3989
 3990
F 3991
 3992
һ 3993
ޭ 3994
 3995
 3996
] 3997
 3998
ʼ 3999
 4000
 4001
 4002
 4003
 4004
 4005
 4006
 4007
 4008
 4009
 4010
[ 4011
 4012
 4013
 4014
 4015
 4016
 4017
 4018
 4019
 4020
ٶ 4021
 4022
 4023
 4024
 4025
 4026
޴ 4027
 4028
 4029
 4030
 4031
 4032
 4033
 4034
 4035
 4036
 4037
 4038
 4039
 4040
 4041
 4042
f 4043
 4044
 4045
 4046
 4047
 4048
I 4049
 4050
 4051
 4052
_ 4053
 4054
O 4055
ҭ 4056
 4057
 4058
« 4059
 4060
 4061
س 4062
 4063
 4064
 4065
 4066
 4067
 4068
Ŷ 4069
 4070
 4071
 4072
 4073
 4074
 4075
 4076
 4077
 4078
 4079
 4080
 4081
 4082
 4083
 4084
 4085
 4086
ɸ 4087
ҫ 4088
 4089
 4090
Ǐ 4091
 4092
 4093
 4094
 4095
 4096
ϫ 4097
 4098
 4099
 4100
 4101
 4102
 4103
G 4104
 4105
Ү 4106
ʹ 4107
 4108
£ 4109
Ͷ 4110
 4111
İ 4112
 4113
 4114
ʨ 4115
 4116
 4117
 4118
 4119
 4120
 4121
 4122
Ѹ 4123
 4124
F 4125
 4126
 4127
 4128
e 4129
 4130
 4131
 4132
 4133
 4134
 4135
 4136
 4137
 4138
 4139
 4140
ҽ 4141
ܱ 4142
 4143
 4144
 4145
[ 4146
 4147
 4148
 4149
 4150
 4151
 4152
 4153
 4154
 4155
 4156
 4157
Ÿ 4158
 4159
˸ 4160
ѣ 4161
 4162
 4163
 4164
 4165
 4166
 4167
 4168
 4169
 4170
 4171
 4172
Ƚ 4173
 4174
 4175
 4176
 4177
 4178
 4179
 4180
 4181
 4182
ͳ 4183
 4184
 4185
 4186
 4187
 4188
 4189
 4190
ٹ 4191
 4192
ڭ 4193
 4194
 4195
 4196
 4197
 4198
 4199
s 4200
 4201
 4202
L 4203
 4204
 4205
 4206
 4207
 4208
 4209
 4210
 4211
 4212
¯ 4213
 4214
b 4215
y 4216
 4217
 4218
 4219
 4220
 4221
ܦ 4222
 4223
 4224
 4225
 4226
 4227
â 4228
 4229
 4230
 4231
X 4232
 4233
 4234
 4235
ت 4236
 4237
 4238
 4239
 4240
 4241
s 4242
Ѷ 4243
¸ 4244
ѕ 4245
 4246
 4247
 4248
 4249
 4250
 4251
 4252
 4253
 4254
R 4255
 4256
 4257
ȼ 4258
 4259
 4260
 4261
Ƃ 4262
 4263
 4264
 4265
 4266
 4267
 4268
 4269
 4270
 4271
 4272
 4273
Ѡ 4274
ª 4275
f 4276
̤ 4277
ˢ 4278
u 4279
 4280
 4281
 4282
 4283
 4284
 4285
 4286
 4287
 4288
 4289
 4290
 4291
 4292
٭ 4293
ף 4294
 4295
Ծ 4296
֥ 4297
ڰ 4298
 4299
 4300
 4301
ɺ 4302
 4303
 4304
 4305
 4306
 4307
 4308
ͦ 4309
 4310
 4311
m 4312
 4313
 4314
 4315
 4316
 4317
 4318
 4319
Ӳ 4320
 4321
 4322
 4323
 4324
 4325
 4326
 4327
 4328
 4329
 4330
 4331
u 4332
 4333
 4334
 4335
 4336
 4337
 4338
 4339
 4340
[ 4341
 4342
o 4343
 4344
 4345
 4346
 4347
 4348
 4349
ۻ 4350
 4351
 4352
 4353
 4354
 4355
 4356
 4357
 4358
 4359
 4360
ý 4361
 4362
 4363
 4364
Ƞ 4365
G 4366
 4367
 4368
 4369
 4370
 4371
 4372
 4373
 4374
 4375
 4376
ш 4377
 4378
Ĥ 4379
 4380
 4381
P 4382
׳ 4383
 4384
 4385
ï 4386
 4387
 4388
 4389
 4390
 4391
 4392
 4393
 4394
 4395
 4396
 4397
 4398
 4399
ͫ 4400
 4401
~ 4402
 4403
{ 4404
 4405
 4406
 4407
ͬ 4408
 4409
 4410
 4411
Ի 4412
 4413
 4414
ǩ 4415
 4416
r 4417
 4418
F 4419
 4420
 4421
 4422
 4423
z 4424
 4425
 4426
 4427
 4428
 4429
 4430
 4431
 4432
 4433
 4434
 4435
 4436
 4437
 4438
 4439
 4440
 4441
 4442
 4443
 4444
ǿ 4445
 4446
ì 4447
 4448
Ĭ 4449
 4450
 4451
 4452
 4453
 4454
 4455
 4456
 4457
 4458
 4459
 4460
 4461
 4462
 4463
[ 4464
 4465
̽ 4466
ަ 4467
 4468
 4469
 4470
 4471
 4472
 4473
 4474
 4475
 4476
 4477
Ʋ 4478
 4479
 4480
 4481
 4482
Х 4483
 4484
 4485
 4486
F 4487
 4488
p 4489
 4490
 4491
ع 4492
 4493
ؾ 4494
 4495
ܤ 4496
 4497
 4498
 4499
Ĺ 4500
 4501
 4502
 4503
˳ 4504
 4505
 4506
 4507
á 4508
 4509
 4510
 4511
 4512
 4513
 4514
ѳ 4515
 4516
 4517
 4518
 4519
P 4520
 4521
 4522
 4523
k 4524
ŭ 4525
J 4526
 4527
 4528
 4529
 4530
 4531
 4532
 4533
 4534
 4535
 4536
 4537
C 4538
L 4539
 4540
 4541
 4542
 4543
 4544
d 4545
 4546
 4547
 4548
 4549
 4550
_ 4551
 4552
 4553
ݯ 4554
 4555
 4556
 4557
 4558
 4559
 4560
 4561
è 4562
٩ 4563
 4564
 4565
 4566
 4567
 4568
 4569
 4570
 4571
 4572
 4573
 4574
 4575
 4576
 4577
 4578
 4579
 4580
 4581
 4582
 4583
 4584
 4585
K 4586
 4587
 4588
 4589
 4590
l 4591
 4592
 4593
 4594
 4595
ѯ 4596
 4597
| 4598
 4599
 4600
 4601
 4602
 4603
 4604
 4605
ӥ 4606
 4607
 4608
| 4609
 4610
 4611
 4612
 4613
û 4614
M 4615
 4616
 4617
 4618
Ա 4619
 4620
 4621
 4622
ڤ 4623
 4624
 4625
 4626
 4627
 4628
 4629
 4630
 4631
 4632
 4633
 4634
 4635
 4636
 4637
 4638
 4639
` 4640
H 4641
 4642
 4643
 4644
٤ 4645
k 4646
 4647
 4648
 4649
 4650
 4651
չ 4652
 4653
 4654
 4655
 4656
 4657
 4658
 4659
 4660
 4661
 4662
 4663
 4664
 4665
 4666
 4667
 4668
 4669
 4670
 4671
 4672
 4673
 4674
 4675
 4676
 4677
Ѥ 4678
 4679
 4680
 4681
 4682
 4683
 4684
 4685
 4686
Χ 4687
ͷ 4688
 4689
ť 4690
 4691
 4692
 4693
 4694
 4695
 4696
 4697
զ 4698
 4699
 4700
 4701
 4702
 4703
 4704
 4705
 4706
 4707
 4708
կ 4709
ݹ 4710
ʦ 4711
g 4712
 4713
 4714
 4715
 4716
 4717
ѧ 4718
 4719
 4720
 4721
մ 4722
 4723
 4724
ު 4725
 4726
ԣ 4727
 4728
 4729
 4730
 4731
 4732
 4733
 4734
 4735
 4736
˧ 4737
 4738
ܭ 4739
 4740
 4741
 4742
 4743
 4744
 4745
 4746
 4747
 4748
 4749
e 4750
 4751
 4752
 4753
 4754
 4755
 4756
 4757
O 4758
ʽ 4759
 4760
 4761
 4762
 4763
 4764
 4765
Ƹ 4766
 4767
 4768
 4769
 4770
 4771
 4772
 4773
 4774
 4775
ф 4776
 4777
 4778
 4779
 4780
 4781
 4782
ݥ 4783
 4784
 4785
 4786
 4787
 4788
µ 4789
 4790
 4791
ص 4792
 4793
 4794
 4795
 4796
 4797
 4798
̲ 4799
U 4800
 4801
 4802
 4803
 4804
 4805
ū 4806
 4807
 4808
 4809
 4810
 4811
֤ 4812
к 4813
 4814
o 4815
 4816
 4817
Ż 4818
 4819
 4820
 4821
 4822
 4823
Ŭ 4824
 4825
 4826
 4827
l 4828
 4829
K 4830
 4831
 4832
¡ 4833
Ǧ 4834
 4835
 4836
 4837
׭ 4838
 4839
^ 4840
 4841
 4842
 4843
 4844
 4845
P 4846
î 4847
 4848
o 4849
 4850
 4851
ܲ 4852
 4853
 4854
 4855
 4856
ԧ 4857
У 4858
 4859
 4860
 4861
l 4862
 4863
I 4864
 4865
¼ 4866
ɹ 4867
 4868
 4869
ο 4870
} 4871
ط 4872
r 4873
 4874
 4875
 4876
S 4877
 4878
 4879
 4880
 4881
 4882
 4883
ޫ 4884
 4885
 4886
 4887
 4888
 4889
 4890
 4891
^ 4892
 4893
 4894
҈ 4895
 4896
δ 4897
 4898
Ĩ 4899
g 4900
 4901
 4902
 4903
 4904
 4905
 4906
 4907
 4908
 4909
 4910
 4911
 4912
 4913
 4914
ŵ 4915
 4916
 4917
 4918
 4919
Ƨ 4920
 4921
 4922
 4923
 4924
 4925
 4926
 4927
 4928
 4929
 4930
 4931
 4932
 4933
ҹ 4934
 4935
 4936
 4937
 4938
 4939
 4940
۸ 4941
 4942
 4943
 4944
 4945
 4946
 4947
 4948
 4949
 4950
] 4951
 4952
 4953
ã 4954
 4955
M 4956
Ǿ 4957
 4958
ֲ 4959
 4960
 4961
[ 4962
 4963
 4964
 4965
 4966
 4967
 4968
 4969
 4970
 4971
ۦ 4972
ۤ 4973
 4974
 4975
 4976
ƪ 4977
̩ 4978
 4979
 4980
 4981
 4982
׷ 4983
 4984
ּ 4985
 4986
b 4987
 4988
 4989
 4990
 4991
 4992
 4993
 4994
 4995
 4996
± 4997
 4998
 4999
ŷ 5000
 5001
 5002
O 5003
 5004
 5005
 5006
 5007
 5008
 5009
l 5010
 5011
t 5012
Ū 5013
 5014
 5015
 5016
 5017
 5018
 5019
W 5020
 5021
 5022
{ 5023
հ 5024
V 5025
 5026
 5027
 5028
ȷ 5029
 5030
 5031
 5032
 5033
 5034
 5035
 5036
 5037
 5038
 5039
߮ 5040
 5041
 5042
 5043
 5044
 5045
b 5046
 5047
 5048
 5049
N 5050
ɰ 5051
Ҿ 5052
Ҧ 5053
 5054
 5055
 5056
 5057
 5058
 5059
 5060
 5061
 5062
ɨ 5063
A 5064
 5065
 5066
e 5067
 5068
 5069
 5070
 5071
 5072
 5073
 5074
 5075
 5076
 5077
 5078
 5079
ۯ 5080
 5081
ư 5082
 5083
ճ 5084
] 5085
 5086
Ӯ 5087
 5088
 5089
 5090
ѡ 5091
ҧ 5092
 5093
ٰ 5094
 5095
 5096
L 5097
 5098
 5099
 5100
 5101
 5102
 5103
 5104
 5105
 5106
ھ 5107
Ӫ 5108
 5109
 5110
 5111
 5112
 5113
 5114
 5115
 5116
ȥ 5117
 5118
 5119
 5120
 5121
 5122
 5123
͢ 5124
 5125
 5126
 5127
 5128
 5129
 5130
 5131
֮ 5132
 5133
 5134
 5135
 5136
 5137
 5138
 5139
 5140
Ң 5141
 5142
 5143
 5144
 5145
 5146
 5147
 5148
 5149
 5150
 5151
 5152
 5153
Ҹ 5154
X 5155
 5156
 5157
 5158
 5159
ڣ 5160
ӄ 5161
 5162
 5163
 5164
 5165
 5166
 5167
ǯ 5168
 5169
 5170
 5171
 5172
 5173
 5174
 5175
 5176
g 5177
 5178
 5179
 5180
ë 5181
 5182
 5183
ȹ 5184
 5185
 5186
 5187
 5188
 5189
 5190
K 5191
Q 5192
 5193
Ȫ 5194
ʬ 5195
 5196
 5197
Ӱ 5198
 5199
_ 5200
² 5201
ɢ 5202
 5203
 5204
Ư 5205
 5206
 5207
 5208
 5209
 5210
 5211
 5212
 5213
 5214
 5215
 5216
 5217
 5218
 5219
 5220
 5221
ױ 5222
 5223
̦ 5224
 5225
 5226
 5227
 5228
 5229
 5230
@ 5231
æ 5232
 5233
 5234
Ǽ 5235
 5236
޾ 5237
ܷ 5238
 5239
 5240
 5241
 5242
ǹ 5243
 5244
 5245
 5246
 5247
 5248
 5249
` 5250
 5251
 5252
 5253
 5254
 5255
 5256
 5257
 5258
 5259
 5260
y 5261
 5262
 5263
 5264
q 5265
 5266
 5267
 5268
 5269
 5270
 5271
 5272
 5273
 5274
ȧ 5275
 5276
 5277
 5278
 5279
 5280
 5281
 5282
 5283
 5284
 5285
ָ 5286
 5287
 5288
 5289
 5290
t 5291
 5292
 5293
 5294
 5295
t 5296
 5297
 5298
ϵ 5299
 5300
 5301
 5302
 5303
 5304
 5305
޻ 5306
 5307
 5308
l 5309
 5310
 5311
 5312
 5313
 5314
 5315
 5316
 5317
 5318
 5319
 5320
 5321
ˬ 5322
s 5323
b 5324
 5325
 5326
 5327
 5328
׽ 5329
 5330
e 5331
ע 5332
 5333
 5334
 5335
 5336
 5337
 5338
 5339
 5340
 5341
 5342
ʷ 5343
 5344
 5345
 5346
 5347
 5348
 5349
 5350
ҥ 5351
 5352
 5353
 5354
 5355
 5356
 5357
 5358
 5359
 5360
 5361
 5362
 5363
ӱ 5364
 5365
i 5366
 5367
Ҥ 5368
 5369
Խ 5370
 5371
 5372
 5373
 5374
 5375
 5376
 5377
 5378
в 5379
 5380
 5381
 5382
 5383
s 5384
 5385
 5386
_ 5387
